ParName   Value   Gradient
theta[2]      7.69401  -0.00341377
theta[6]      0.96132 -8.45629e-05
Grwth[1]      25.1902 -4.98474e-05
Grwth[2]    0.0902372   2.6898e-05
Grwth[3]      3.66811  4.62212e-05
Grwth[4]      141.101 -5.71429e-05
Grwth[5]      0.10294  0.000217549
log_slx_pars[1]      4.90441  7.00876e-05
log_slx_pars[2]      2.91374  1.53633e-05
log_slx_pars[3]      4.90109  5.51122e-05
log_slx_pars[4]      2.00623  8.36315e-05
log_slx_pars[6]      4.91272  6.93195e-05
log_slx_pars[7]      0.62552  5.44368e-05
log_fbar[1]    -0.718153 -0.000909575
log_fbar[2]     -8.18565   5.1358e-05
log_fdev[1](1)     -3.92326 -1.54818e-05
log_fdev[1](2)    -0.445992  0.000129289
log_fdev[1](3)   -0.0379613  0.000366992
log_fdev[1](4)     -1.85403 -0.000519055
log_fdev[1](5)    -0.273619 -0.000241558
log_fdev[1](6)     0.808568 -0.000573108
log_fdev[1](7)     0.599716 -1.41881e-05
log_fdev[1](8)     0.669049 -0.000166322
log_fdev[1](9)      1.18503  8.09811e-05
log_fdev[1](10)      0.85183  0.000162001
log_fdev[1](11)     0.704687  0.000147549
log_fdev[1](12)     0.394754  1.12432e-05
log_fdev[1](13)    -0.114612 -5.58048e-05
log_fdev[1](14)     0.870074 -1.48622e-05
log_fdev[1](15)     0.637698 -0.000325193
log_fdev[1](16)     0.591044 -3.26778e-05
log_fdev[1](17)     0.417869 -0.000147385
log_fdev[1](18)     0.171893 -2.34219e-05
log_fdev[1](19)     0.432451  4.77573e-05
log_fdev[1](20)     0.515593  0.000236447
log_fdev[1](21)     0.368471 -1.55438e-06
log_fdev[1](22)     0.169229 -0.000214253
log_fdev[1](23)    0.0391328 -0.000174191
log_fdev[1](24)   -0.0693481 -6.51823e-05
log_fdev[1](25)    -0.219853  0.000260929
log_fdev[1](26)     -0.41513  0.000122936
log_fdev[1](27)    -0.320543  0.000120342
log_fdev[1](28)    -0.396978 -9.27143e-05
log_fdev[1](29)    -0.312398 -4.55666e-05
log_fdev[1](30)    -0.279694  3.46245e-05
log_fdev[1](31)    -0.208256  9.77284e-05
log_fdev[1](32)   -0.0500996  0.000277467
log_fdev[1](33)     0.135939  0.000178907
log_fdev[1](34)    0.0980813  0.000227107
log_fdev[1](35)  -0.00311245 -4.80196e-05
log_fdev[1](36)    -0.212383 -0.000271893
log_fdev[1](37)    -0.304442 -0.000316705
log_fdev[1](38)    -0.221798 -0.000282174
log_fdev[1](39)   -0.0727308 -8.77185e-05
log_fdev[1](40)     0.051629 -4.54349e-05
log_fdev[1](41)    0.0234897   0.00015133
log_fdev[2](1)     -2.53245  5.99764e-05
log_fdev[2](2)    -0.559936  2.87368e-05
log_fdev[2](3)      -3.4198 -4.43466e-05
log_fdev[2](4)    -0.646921  1.10978e-05
log_fdev[2](5)     -2.12991 -4.69347e-05
log_fdev[2](6)    -0.171482  1.71322e-05
log_fdev[2](7)      1.05971 -1.28599e-05
log_fdev[2](8)    -0.809286 -4.11556e-05
log_fdev[2](9)     0.647774 -1.64756e-05
log_fdev[2](10)     0.526877 -4.11827e-06
log_fdev[2](11)   -0.0574623  1.70204e-05
log_fdev[2](12)     -1.03439  2.98372e-05
log_fdev[2](13)   -0.0731746  5.67092e-06
log_fdev[2](14)      -1.4554  3.45203e-05
log_fdev[2](15)     -0.33274 -4.16907e-05
log_fdev[2](16)     0.944767 -3.18656e-05
log_fdev[2](17)     0.464092 -4.45352e-05
log_fdev[2](18)    0.0148077 -5.05572e-05
log_fdev[2](19)      1.81032  2.42018e-05
log_fdev[2](20)      1.21527  1.99464e-05
log_fdev[2](21)     0.637811 -1.00303e-05
log_fdev[2](22)     0.749754   8.7186e-09
log_fdev[2](23)      1.29187   3.0979e-05
log_fdev[2](24)      1.15984  3.59621e-05
log_fdev[2](25)     0.808561  3.90061e-05
log_fdev[2](26)     0.294686 -1.28521e-05
log_fdev[2](27)     0.680981 -2.58875e-06
log_fdev[2](28)   -0.0806061  -6.3659e-06
log_fdev[2](29)     0.332257  3.49895e-05
log_fdev[2](30)      1.24543 -1.83948e-05
log_fdev[2](31)    -0.282642  3.76573e-05
log_fdev[2](32)     -0.29859  3.13261e-05
rec_dev_est(1960)    -0.127514 -9.33277e-05
rec_dev_est(1961)    -0.128213 -7.62783e-05
rec_dev_est(1962)    -0.128908  2.84577e-05
rec_dev_est(1963)    -0.129751  0.000108624
rec_dev_est(1964)    -0.130771  7.63349e-05
rec_dev_est(1965)    -0.131995 -3.76496e-05
rec_dev_est(1966)    -0.133452 -8.42977e-05
rec_dev_est(1967)    -0.135172 -1.40054e-06
rec_dev_est(1968)     -0.13718 -1.72975e-06
rec_dev_est(1969)    -0.139493 -9.25731e-05
rec_dev_est(1970)    -0.142099  7.08423e-06
rec_dev_est(1971)    -0.144964 -0.000109774
rec_dev_est(1972)    -0.147983  4.33844e-06
rec_dev_est(1973)     -0.15098 -7.43448e-05
rec_dev_est(1974)    -0.153633 -0.000148079
rec_dev_est(1975)    -0.155416  0.000171736
rec_dev_est(1976)    -0.155477  0.000149522
rec_dev_est(1977)    -0.152343 -0.000154813
rec_dev_est(1978)    -0.143275 -0.000135084
rec_dev_est(1979)     -0.12298 -0.000268643
rec_dev_est(1980)   -0.0827816 -0.000111136
rec_dev_est(1981)   -0.0157256 -0.000201852
rec_dev_est(1982)    0.0932018 -0.000271277
rec_dev_est(1983)     0.288358  7.58625e-05
rec_dev_est(1984)     0.455065  0.000183725
rec_dev_est(1985)      0.54136  0.000210474
rec_dev_est(1986)     0.232336  0.000220903
rec_dev_est(1987)    -0.144839 -6.92978e-05
rec_dev_est(1988)    0.0353224  3.95512e-05
rec_dev_est(1989)    -0.227748 -0.000198552
rec_dev_est(1990)    -0.536857 -8.33958e-05
rec_dev_est(1991)    -0.369159 -5.19139e-05
rec_dev_est(1992)    0.0480926  -5.8122e-05
rec_dev_est(1993)     -0.17297  0.000112158
rec_dev_est(1994)    -0.133111  0.000149734
rec_dev_est(1995)    -0.311127  0.000115598
rec_dev_est(1996)    -0.164577  0.000160629
rec_dev_est(1997)    -0.154325  7.74801e-05
rec_dev_est(1998)    0.0354517 -4.28054e-05
rec_dev_est(1999)     0.110253 -0.000115031
rec_dev_est(2000)    0.0604864 -3.36877e-05
rec_dev_est(2001)     0.181662  6.80974e-05
rec_dev_est(2002)    -0.475054  0.000126669
rec_dev_est(2003)   -0.0148315 -2.74696e-05
rec_dev_est(2004)     0.037349  2.35218e-05
rec_dev_est(2005)   0.00871775  2.25578e-05
rec_dev_est(2006)   -0.0470554 -0.000159047
rec_dev_est(2007)    -0.417523  1.78849e-05
rec_dev_est(2008)    -0.249945  1.40723e-05
rec_dev_est(2009)    -0.225549  -0.00025218
rec_dev_est(2010)     -0.61187  -0.00023068
rec_dev_est(2011)    -0.266498 -0.000437857
rec_dev_est(2012)   -0.0268701 -0.000519373
rec_dev_est(2013)    -0.101174 -0.000534446
rec_dev_est(2014)    -0.226779 -0.000327389
rec_dev_est(2015)     -0.18519 -9.52139e-05
rec_dev_est(2016)    -0.382846  8.16474e-06
rec_dev_est(2017)    -0.228349 -6.16187e-05
rec_dev_est(2018)    -0.548837   0.00015679
rec_dev_est(2019)    -0.477752 -3.36955e-05
rec_dev_est(2020)    -0.156936  0.000118578
rec_dev_est(2021)    -0.125157 -2.01029e-05
survey_q[1]    0.0010797 -1.71873e-05
survey_q[2]  0.000674568 -4.53138e-05
survey_q[3]   0.00103811 -2.94279e-05
log_add_cv[1]     -1.75417  2.97662e-05
log_add_cv[2]     -2.49959  0.000132924
log_add_cv[3]     -1.96491 -3.21975e-07
