#========================================================================================================
 # Gmacs Main Data File
1960 # Start year
2021 # End year
6 # Number of seasons
2 # Number of distinct data groups (fleet, among fishing fleets and surveys)
1 # Number of sexes
1 # Number of shell condition types
1 # Number of maturity types
17 # Number of size-classes in the model
6 # Season recruitment occurs
6 # Season molting and growth occurs
5 # Season to calculate SSB (changed to match Feb mating)
1 # Season for N output
# maximum size-class (males then females)
 17
# size_breaks (a vector giving the break points between size intervals with dimension nclass+1)
 103 108 113 118 123 128 133 138 143 148 153 158 163 168 173 178 183
# Natural mortality per season input type (1 = vector by season, 2 = matrix by season/year)
2
# Proportion of the total natural mortality to be applied each season
 0 0.166667 0 0.460731 0 0.372603
 0 0.166667 0 0.460731 0 0.372603
 0 0.166667 0 0.460731 0 0.372603
 0 0.166667 0 0.460731 0 0.372603
 0 0.166667 0 0.460731 0 0.372603
 0 0.166667 0 0.460731 0 0.372603
 0 0.166667 0 0.460731 0 0.372603
 0 0.166667 0 0.460731 0 0.372603
 0 0.166667 0 0.460731 0 0.372603
 0 0.166667 0 0.460731 0 0.372603
 0 0.166667 0 0.460731 0 0.372603
 0 0.166667 0 0.460731 0 0.372603
 0 0.166667 0 0.460731 0 0.372603
 0 0.166667 0 0.460731 0 0.372603
 0 0.166667 0 0.460731 0 0.372603
 0 0.166667 0 0.460731 0 0.372603
 0 0.166667 0 0.460731 0 0.372603
 0 0.166667 0 0.460731 0 0.372603
 0 0.166667 0 0.460731 0 0.372603
 0 0.166667 0 0.460731 0 0.372603
 0 0.166667 0 0.460731 0 0.372603
 0 0.627397 0 0 0 0.372603
 0 0.564384 0 0.0630137 0 0.372603
 0 0.578082 0 0.0493151 0 0.372603
 0 0.627397 0 0 0 0.372603
 0 0.627397 0 0 0 0.372603
 0 0.627397 0 0 0 0.372603
 0 0.627397 0 0 0 0.372603
 0 0.627397 0 0 0 0.372603
 0 0.627397 0 0 0 0.372603
 0 0.627397 0 0 0 0.372603
 0 0.627397 0 0 0 0.372603
 0 0.627397 0 0 0 0.372603
 0 0.627397 0 0 0 0.372603
 0 0.627397 0 0 0 0.372603
 0 0.627397 0 0 0 0.372603
 0 0.627397 0 0 0 0.372603
 0 0.627397 0 0 0 0.372603
 0 0.627397 0 0 0 0.372603
 0 0.627397 0 0 0 0.372603
 0 0.516438 0 0.110959 0 0.372603
 0 0.435616 0 0.191781 0 0.372603
 0 0.405479 0 0.221918 0 0.372603
 0 0.364384 0 0.263014 0 0.372603
 0 0.317808 0 0.309589 0 0.372603
 0 0.430137 0 0.19726 0 0.372603
 0 0.494521 0 0.132877 0 0.372603
 0 0.530137 0 0.0972603 0 0.372603
 0 0.505479 0 0.121918 0 0.372603
 0 0.524658 0 0.10274 0 0.372603
 0 0.436986 0 0.190411 0 0.372603
 0 0.471233 0 0.156164 0 0.372603
 0 0.50411 0 0.123288 0 0.372603
 0 0.509589 0 0.117808 0 0.372603
 0 0.50137 0 0.126027 0 0.372603
 0 0.463014 0 0.164384 0 0.372603
 0 0.427397 0 0.2 0 0.372603
 0 0.383562 0 0.243836 0 0.372603
 0 0.394521 0 0.232877 0 0.372603
 0 0.456164 0 0.171233 0 0.372603
 0 0.490411 0 0.136986 0 0.372603
 0 0.390411 0 0.236986 0 0.372603

# Fishing fleet and survey names
Pot_Fishery
Trawl_Bycatch
# Are the seasons instantaneous (0) or continuous (1)
 1 1 1 1 1 1
# Number of catch data frames
3
# Number of rows in each data frame
 41 32 32


##  CATCH DATA
##  Type of catch: 1 = retained, 2 = discard
##  Units of catch: 1 = biomass, 2 = numbers
# year  seas    fleet   sex     obs     cv      type    units   mult    effort  discard_mortality # original
1981	 3	 1	 1	 38.4362	 0.0316	 1	 2	 1	 0	 0.2	  # 38.436
1982	 3	 1	 1	 1114.43	 0.0316	 1	 2	 1	 0	 0.2	  # 1114.35
1983	 3	 1	 1	 1288.46	 0.0316	 1	 2	 1	 0	 0.2	  # 1288.36
1984	 3	 1	 1	 188.783	 0.0316	 1	 2	 1	 0	 0.2	  # 188.782
1985	 3	 1	 1	 2028.89	 0.0316	 1	 1	 1	 0	 0.2	  # 2029.52
1986	 3	 1	 1	 4263.56	 0.0316	 1	 1	 1	 0	 0.2	  # 4271.83
1987	 3	 1	 1	 2530.51	 0.0316	 1	 1	 1	 0	 0.2	  # 2535.35
1988	 3	 1	 1	 2466.01	 0.0316	 1	 1	 1	 0	 0.2	  # 2471.07
1989	 3	 1	 1	 3059.03	 0.0316	 1	 1	 1	 0	 0.2	  # 3062.63
1990	 3	 1	 1	 1641.05	 0.0316	 1	 1	 1	 0	 0.2	  # 1636.5
1991	 3	 1	 1	 1353.24	 0.0316	 1	 1	 1	 0	 0.2	  # 1359.1
1992	 3	 1	 1	 1018.24	 0.0316	 1	 1	 1	 0	 0.2	  # 1030.34
1993	 3	 1	 1	 672.894	 0.0316	 1	 1	 1	 0	 0.2	  # 668.56
1994	 3	 1	 1	 1655.3	 0.0316	 1	 1	 1	 0	 0.2	  # 1625.55
1995	 3	 1	 1	 1216.8	 0.0316	 1	 1	 1	 0	 0.2	  # 1192.2
1996	 3	 1	 1	 1202.91	 0.0316	 1	 1	 1	 0	 0.2	  # 1236.74
1997	 3	 1	 1	 1072.34	 0.0316	 1	 1	 1	 0	 0.2	  # 1067.44
1998	 3	 1	 1	 917.022	 0.0316	 1	 1	 1	 0	 0.2	  # 934.631
1999	 3	 1	 1	 1245.44	 0.0316	 1	 1	 1	 0	 0.2	  # 1240.37
2000	 3	 1	 1	 1366.77	 0.0316	 1	 1	 1	 0	 0.2	  # 1385.08
2001	 3	 1	 1	 1273.94	 0.0316	 1	 1	 1	 0	 0.2	  # 1287.63
2002	 3	 1	 1	 1206.35	 0.0316	 1	 1	 1	 0	 0.2	  # 1217.19
2003	 3	 1	 1	 1238.98	 0.0316	 1	 1	 1	 0	 0.2	  # 1249.26
2004	 3	 1	 1	 1263.87	 0.0316	 1	 1	 1	 0	 0.2	  # 1265.9
2005	 3	 1	 1	 1242.42	 0.0316	 1	 1	 1	 0	 0.2	  # 1237.6
2006	 3	 1	 1	 1059.88	 0.0316	 1	 1	 1	 0	 0.2	  # 1055.97
2007	 3	 1	 1	 1240.25	 0.0316	 1	 1	 1	 0	 0.2	  # 1241.73
2008	 3	 1	 1	 1221.18	 0.0316	 1	 1	 1	 0	 0.2	  # 1218.89
2009	 3	 1	 1	 1347.09	 0.0316	 1	 1	 1	 0	 0.2	  # 1348.46
2010	 3	 1	 1	 1351.06	 0.0316	 1	 1	 1	 0	 0.2	  # 1353.82
2011	 3	 1	 1	 1345.02	 0.0316	 1	 1	 1	 0	 0.2	  # 1349.85
2012	 3	 1	 1	 1423.03	 0.0316	 1	 1	 1	 0	 0.2	  # 1420.14
2013	 3	 1	 1	 1460.5	 0.0316	 1	 1	 1	 0	 0.2	  # 1456.44
2014	 3	 1	 1	 1264.25	 0.0316	 1	 1	 1	 0	 0.2	  # 1266.43
2015	 3	 1	 1	 1179.41	 0.0316	 1	 1	 1	 0	 0.2	  # 1180.31
2016	 3	 1	 1	 1053.99	 0.0316	 1	 1	 1	 0	 0.2	  # 1050.05
2017	 3	 1	 1	 1055.29	 0.0316	 1	 1	 1	 0	 0.2	  # 1054.43
2018	 3	 1	 1	 1187.87	 0.0316	 1	 1	 1	 0	 0.2	  # 1184.49
2019	 3	 1	 1	 1313.73	 0.0316	 1	 1	 1	 0	 0.2	  # 1309.4
2020	 3	 1	 1	 1363.71	 0.0316	 1	 1	 1	 0	 0.2	  # 1358.32
2021	 3	 1	 1	 1221.75	 0.0316	 1	 1	 1	 0	 0.2	  # 1223.36
1990	 3	 1	 1	 3087	 0.207908	 0	 1	 1	 0	 0.2	  # 3981.87
1991	 3	 1	 1	 2422.35	 0.130117	 0	 1	 1	 0	 0.2	  # 2118.23
1992	 3	 1	 1	 1723.03	 0.145159	 0	 1	 1	 0	 0.2	  # 1039.24
1993	 3	 1	 1	 1156.87	 0.293606	 0	 1	 1	 0	 0.2	  # 3601.26
1994	 3	 1	 1	 3063.74	 0.106741	 0	 1	 1	 0	 0.2	  # 5053.58
1995	 3	 1	 1	 2324.73	 0.0507298	 0	 1	 1	 0	 0.2	  # 2618.76
1996	 3	 1	 1	 2214.61	 0.0447437	 0	 1	 1	 0	 0.2	  # 1972.19
1997	 3	 1	 1	 1907.54	 0.060142	 0	 1	 1	 0	 0.2	  # 1891.86
1998	 3	 1	 1	 1595.98	 0.0877439	 0	 1	 1	 0	 0.2	  # 1106.87
1999	 3	 1	 1	 2196.46	 0.0564459	 0	 1	 1	 0	 0.2	  # 2178.04
2000	 3	 1	 1	 2530.89	 0.0551367	 0	 1	 1	 0	 0.2	  # 2272.72
2001	 3	 1	 1	 2359.13	 0.0568821	 0	 1	 1	 0	 0.2	  # 2154.96
2002	 3	 1	 1	 2154.26	 0.0758355	 0	 1	 1	 0	 0.2	  # 1900.34
2003	 3	 1	 1	 2016.5	 0.0657637	 0	 1	 1	 0	 0.2	  # 1867.22
2004	 3	 1	 1	 1906.2	 0.0742214	 0	 1	 1	 0	 0.2	  # 1886.02
2005	 3	 1	 1	 1577.66	 0.102939	 0	 1	 1	 0	 0.2	  # 1796.25
2006	 3	 1	 1	 1356.11	 0.110619	 0	 1	 1	 0	 0.2	  # 1551.24
2007	 3	 1	 1	 1573.98	 0.1157	 0	 1	 1	 0	 0.2	  # 1614.06
2008	 3	 1	 1	 1519.01	 0.121676	 0	 1	 1	 0	 0.2	  # 1733.15
2009	 3	 1	 1	 1630.65	 0.127518	 0	 1	 1	 0	 0.2	  # 1689.85
2010	 3	 1	 1	 1632.45	 0.129358	 0	 1	 1	 0	 0.2	  # 1604.74
2011	 3	 1	 1	 1634	 0.131676	 0	 1	 1	 0	 0.2	  # 1516.82
2012	 3	 1	 1	 1726.61	 0.114273	 0	 1	 1	 0	 0.2	  # 1839.08
2013	 3	 1	 1	 1840.69	 0.108784	 0	 1	 1	 0	 0.2	  # 1919.09
2014	 3	 1	 1	 1683.06	 0.112848	 0	 1	 1	 0	 0.2	  # 1592.18
2015	 3	 1	 1	 1580.37	 0.105658	 0	 1	 1	 0	 0.2	  # 1565.39
2016	 3	 1	 1	 1375.47	 0.116902	 0	 1	 1	 0	 0.2	  # 1569.99
2017	 3	 1	 1	 1342.77	 0.138246	 0	 1	 1	 0	 0.2	  # 1436.59
2018	 3	 1	 1	 1481.56	 0.145372	 0	 1	 1	 0	 0.2	  # 1637.42
2019	 3	 1	 1	 1637.64	 0.122435	 0	 1	 1	 0	 0.2	  # 1714.12
2020	 3	 1	 1	 1692.61	 0.112848	 0	 1	 1	 0	 0.2	  # 1844.19
2021	 3	 1	 1	 1540.18	 0.15918	 0	 1	 1	 0	 0.2	  # 1428.94
1989	 3	 2	 1	 0.147409	 1.3108	 2	 1	 1.53846	 0	 0.65	  # 0.0953342
1990	 3	 2	 1	 0.877493	 1.3108	 2	 1	 1.53846	 0	 0.65	  # 0.569417
1991	 3	 2	 1	 0.0442719	 1.3108	 2	 1	 1.53846	 0	 0.65	  # 0.0285788
1992	 3	 2	 1	 0.681951	 1.3108	 2	 1	 1.53846	 0	 0.65	  # 0.442401
1994	 3	 2	 1	 0.177742	 1.3108	 2	 1	 1.53846	 0	 0.65	  # 0.115027
1995	 3	 2	 1	 1.22676	 1.3108	 2	 1	 1.53846	 0	 0.65	  # 0.793348
1996	 3	 2	 1	 4.09515	 1.3108	 2	 1	 1.53846	 0	 0.65	  # 2.59512
1997	 3	 2	 1	 0.645177	 1.3108	 2	 1	 1.53846	 0	 0.65	  # 0.41718
1998	 3	 2	 1	 2.92901	 1.3108	 2	 1	 1.53846	 0	 0.65	  # 1.88422
1999	 3	 2	 1	 2.79042	 1.3108	 2	 1	 1.53846	 0	 0.65	  # 1.80473
2000	 3	 2	 1	 1.68397	 1.3108	 2	 1	 1.53846	 0	 0.65	  # 1.09494
2001	 3	 2	 1	 0.678751	 1.3108	 2	 1	 1.53846	 0	 0.65	  # 0.440945
2002	 3	 2	 1	 1.95673	 1.3108	 2	 1	 1.53846	 0	 0.65	  # 1.2808
2003	 3	 2	 1	 0.483507	 1.3108	 2	 1	 1.53846	 0	 0.65	  # 0.314029
2004	 3	 2	 1	 1.54335	 1.3108	 2	 1	 1.53846	 0	 0.65	  # 1.00981
2005	 3	 2	 1	 5.63278	 1.3108	 2	 1	 1.53846	 0	 0.65	  # 3.74606
2006	 3	 2	 1	 3.61958	 1.3108	 2	 1	 1.53846	 0	 0.65	  # 2.37268
2007	 3	 2	 1	 2.37102	 1.3108	 2	 1	 1.53846	 0	 0.65	  # 1.54793
2008	 3	 2	 1	 13.8809	 1.3108	 2	 1	 1.53846	 0	 0.65	  # 9.3034
2009	 3	 2	 1	 7.37673	 1.3108	 2	 1	 1.53846	 0	 0.65	  # 4.86086
2010	 3	 2	 1	 4.06315	 1.3108	 2	 1	 1.53846	 0	 0.65	  # 2.66153
2011	 3	 2	 1	 4.13035	 1.3108	 2	 1	 1.53846	 0	 0.65	  # 2.70594
2012	 3	 2	 1	 6.6534	 1.3108	 2	 1	 1.53846	 0	 0.65	  # 4.339
2013	 3	 2	 1	 5.75218	 1.3108	 2	 1	 1.53846	 0	 0.65	  # 3.7373
2014	 3	 2	 1	 4.07708	 1.3108	 2	 1	 1.53846	 0	 0.65	  # 2.65644
2015	 3	 2	 1	 2.47906	 1.3108	 2	 1	 1.53846	 0	 0.65	  # 1.61523
2016	 3	 2	 1	 3.78583	 1.3108	 2	 1	 1.53846	 0	 0.65	  # 2.47563
2017	 3	 2	 1	 1.78719	 1.3108	 2	 1	 1.53846	 0	 0.65	  # 1.1635
2018	 3	 2	 1	 2.7134	 1.3108	 2	 1	 1.53846	 0	 0.65	  # 1.76314
2019	 3	 2	 1	 6.26091	 1.3108	 2	 1	 1.53846	 0	 0.65	  # 4.04095
2020	 3	 2	 1	 1.24463	 1.3108	 2	 1	 1.53846	 0	 0.65	  # 0.807148
2021	 3	 2	 1	 1.24063	 1.3108	 2	 1	 1.53846	 0	 0.65	  # 0.805314

##  RELATIVE  ABUNDANCE DATA
## Index: One q is estimated for each index (the number of index values should match nSurveys
## Sex: 1 = male, 2 = female, 0 = both
## Maturity: 1 = mature, 2 = immature, 0 = both
## Units of survey: 1 = biomass, 2 = numbers
##  Number  of  relative  abundance indicies
3
# Type of 'survey' catchability (1=Selectivity; 2=Selectivity+Retention), by data frame
 2 2 2
##  Number of rows in index
41
#Index	Year	Season	Fleet	Sex	Maturity	Value	CV	Type	Time # original
1	 1995	 3	 1	 1	 0	 0.754039	 0.0340639	 2	 0.5	 # 1.00143
1	 1996	 3	 1	 1	 0	 0.783358	 0.0220236	 2	 0.5	 # 0.929545
1	 1997	 3	 1	 1	 0	 0.827807	 0.024181	 2	 0.5	 # 0.987686
1	 1998	 3	 1	 1	 0	 0.897566	 0.0333366	 2	 0.5	 # 1.06771
1	 1999	 3	 1	 1	 0	 0.928593	 0.0241072	 2	 0.5	 # 0.917071
1	 2000	 3	 1	 1	 0	 0.940786	 0.0239657	 2	 0.5	 # 0.802399
1	 2001	 3	 1	 1	 0	 1.02836	 0.0258404	 2	 0.5	 # 0.863397
1	 2002	 3	 1	 1	 0	 1.18909	 0.0277223	 2	 0.5	 # 0.969454
1	 2003	 3	 1	 1	 0	 1.37849	 0.028325	 2	 0.5	 # 1.27296
1	 2004	 3	 1	 1	 0	 1.5407	 0.0283641	 2	 0.5	 # 1.29925
2	 2005	 3	 1	 1	 0	 1.07195	 0.0342792	 2	 0.5	 # 1.22092
2	 2006	 3	 1	 1	 0	 1.10641	 0.034515	 2	 0.5	 # 1.15613
2	 2007	 3	 1	 1	 0	 1.17427	 0.0403587	 2	 0.5	 # 1.02973
2	 2008	 3	 1	 1	 0	 1.24356	 0.032756	 2	 0.5	 # 1.17469
2	 2009	 3	 1	 1	 0	 1.24727	 0.0349652	 2	 0.5	 # 1.23486
2	 2010	 3	 1	 1	 0	 1.19547	 0.0338755	 2	 0.5	 # 1.06548
2	 2011	 3	 1	 1	 0	 1.10401	 0.0344847	 2	 0.5	 # 1.13138
2	 2012	 3	 1	 1	 0	 0.99701	 0.0314697	 2	 0.5	 # 1.16453
2	 2013	 3	 1	 1	 0	 0.850607	 0.0280762	 2	 0.5	 # 0.816884
2	 2014	 3	 1	 1	 0	 0.782479	 0.0310519	 2	 0.5	 # 0.773663
2	 2015	 3	 1	 1	 0	 0.827067	 0.0297188	 2	 0.5	 # 0.765568
2	 2016	 3	 1	 1	 0	 0.91561	 0.0317405	 2	 0.5	 # 0.866954
2	 2017	 3	 1	 1	 0	 0.995987	 0.036329	 2	 0.5	 # 1.00659
2	 2018	 3	 1	 1	 0	 1.01989	 0.0382493	 2	 0.5	 # 1.24849
2	 2019	 3	 1	 1	 0	 0.962435	 0.0334056	 2	 0.5	 # 0.995528
2	 2020	 3	 1	 1	 0	 0.880388	 0.0314765	 2	 0.5	 # 0.86358
2	 2021	 3	 1	 1	 0	 0.81097	 0.0401621	 2	 0.5	 # 0.745498
3	 1985	 3	 1	 1	 0	 2.50509	 0.046182	 2	 0.5	 # 2.07104
3	 1986	 3	 1	 1	 0	 1.83803	 0.0402266	 2	 0.5	 # 1.59358
3	 1987	 3	 1	 1	 0	 1.47189	 0.0432284	 2	 0.5	 # 1.22036
3	 1988	 3	 1	 1	 0	 1.38656	 0.0302083	 2	 0.5	 # 1.41221
3	 1989	 3	 1	 1	 0	 1.00871	 0.0266082	 2	 0.5	 # 1.14507
3	 1990	 3	 1	 1	 0	 0.786927	 0.0333691	 2	 0.5	 # 0.868007
3	 1991	 3	 1	 1	 0	 0.757912	 0.0365781	 2	 0.5	 # 0.756009
3	 1992	 3	 1	 1	 0	 0.773016	 0.0407111	 2	 0.5	 # 0.609498
3	 1993	 3	 1	 1	 0	 0.836965	 0.0531594	 2	 0.5	 # 0.757061
3	 1994	 3	 1	 1	 0	 0.752055	 0.03562	 2	 0.5	 # 0.833858
3	 1995	 3	 1	 1	 0	 0.724996	 0.0381803	 2	 0.5	 # 0.895046
3	 1996	 3	 1	 1	 0	 0.753186	 0.0313188	 2	 0.5	 # 0.835344
3	 1997	 3	 1	 1	 0	 0.795923	 0.0307231	 2	 0.5	 # 0.763848
3	 1998	 3	 1	 1	 0	 0.862995	 0.0339839	 2	 0.5	 # 1.06477

##  SIZE-COMPOSITION DATA
#  Number  of  length  frequency matrices
2
##  Number of rows in each matrix
 37 32
##  Number of bins in each matrix (columns of size data)
 17 17
## Sex: 1 = male, 2 = female, 0 = both
## Type of catch: 1 = retained, 2 = discard, 0 = total
## Shell: 1 = newshell, 2 = oldshell, 0 = both
## Maturity: 1 = immature, 2 = mature, 0 = both
## Stage1_EffN: the stage-1 effective sample size (this can be modified in the CTL file)
# Year Season Fleet Sex Type Shell Maturity Stage1_EffN Data
1985	 3	 1	 1	 1	 0	 0	 45	 9.70441e-10	 2.1454e-08	 4.07635e-07	 8.05938e-06	 0.000143874	 0.00172879	 0.0262821	 0.119785	 0.146387	 0.14697	 0.134771	 0.116034	 0.0973052	 0.076811	 0.0562034	 0.037333	 0.040237	 	 # 0	 0	 0	 0	 0	 0.001779	 0.04409	 0.1398	 0.188711	 0.163604	 0.152817	 0.12781	 0.078532	 0.048539	 0.033765	 0.010007	 0.010546	 
1986	 3	 1	 1	 1	 0	 0	 23	 1.39665e-09	 3.08357e-08	 5.88569e-07	 1.18242e-05	 0.000213425	 0.00260341	 0.0381444	 0.152981	 0.169377	 0.157452	 0.133429	 0.106261	 0.0827535	 0.060875	 0.0418945	 0.026559	 0.0274456	 	 # 0	 0	 0	 0	 0	 0.007269	 0.065322	 0.139635	 0.1604	 0.149577	 0.152965	 0.117009	 0.0889	 0.04874	 0.041813	 0.019731	 0.00864	 
1987	 3	 1	 1	 1	 0	 0	 8	 1.32872e-09	 2.96661e-08	 5.95163e-07	 1.33706e-05	 0.000261687	 0.00356352	 0.0521621	 0.203283	 0.21266	 0.17455	 0.123747	 0.0837179	 0.0574425	 0.0378365	 0.0236311	 0.0138607	 0.0132698	 	 # 0	 0	 0	 0	 0	 0.005423	 0.061702	 0.159142	 0.191295	 0.150047	 0.146096	 0.098283	 0.081854	 0.058236	 0.032244	 0.011334	 0.004346	 
1988	 3	 1	 1	 1	 0	 0	 286	 9.7192e-10	 2.17944e-08	 4.46896e-07	 1.0576e-05	 0.000218413	 0.00330581	 0.0522673	 0.215651	 0.236158	 0.191855	 0.126956	 0.0763388	 0.0449797	 0.0252211	 0.0136797	 0.00719457	 0.00616414	 	 # 0	 0	 0	 0	 0.000222	 0.007071	 0.071516	 0.19285	 0.244429	 0.184985	 0.113489	 0.074476	 0.043376	 0.027901	 0.01487	 0.009961	 0.014855	 
1989	 3	 1	 1	 1	 0	 0	 513	 1.48641e-09	 3.27147e-08	 6.21793e-07	 1.25374e-05	 0.000233721	 0.00323576	 0.0531379	 0.213072	 0.23992	 0.201381	 0.133458	 0.0774751	 0.0416702	 0.0201972	 0.00919957	 0.00409352	 0.00291306	 	 # 1.4e-05	 0	 0	 1.3e-05	 0.000101	 0.003677	 0.050292	 0.210811	 0.266781	 0.169976	 0.11588	 0.079394	 0.050048	 0.030497	 0.013281	 0.006376	 0.002859	 
1990	 3	 1	 1	 1	 0	 0	 205	 1.54329e-09	 3.43322e-08	 6.80762e-07	 1.49554e-05	 0.00028899	 0.00395053	 0.0594709	 0.226722	 0.247637	 0.202164	 0.12691	 0.0703284	 0.0361987	 0.0161849	 0.00644033	 0.00239213	 0.00129531	 	 # 1.7e-05	 0	 0	 0	 0.000745	 0.011654	 0.100154	 0.24028	 0.225196	 0.161285	 0.107812	 0.071549	 0.041358	 0.019198	 0.009904	 0.006302	 0.004545	 
1991	 3	 1	 1	 1	 0	 0	 102	 1.19315e-09	 2.6662e-08	 5.38659e-07	 1.23571e-05	 0.000248983	 0.00364983	 0.0570792	 0.229145	 0.251419	 0.201942	 0.126563	 0.0703534	 0.0357451	 0.0153744	 0.00573074	 0.00191909	 0.000818209	 	 # 0	 2e-05	 6e-05	 0.000325	 0.001316	 0.007526	 0.093017	 0.244868	 0.245519	 0.173825	 0.105867	 0.061824	 0.034887	 0.017634	 0.008044	 0.003539	 0.00173	 
1992	 3	 1	 1	 1	 0	 0	 76	 1.36258e-09	 3.00917e-08	 5.73788e-07	 1.15742e-05	 0.000214757	 0.00291312	 0.0481789	 0.210581	 0.247501	 0.209004	 0.137153	 0.0782951	 0.0399688	 0.0171252	 0.00628815	 0.00201901	 0.000745521	 	 # 0	 0	 3.2e-05	 0	 0.000293	 0.003852	 0.06035	 0.197759	 0.2378	 0.199371	 0.131348	 0.080404	 0.045223	 0.024627	 0.012611	 0.004512	 0.001816	 
1993	 3	 1	 1	 1	 0	 0	 378	 1.90977e-09	 4.19697e-08	 7.76598e-07	 1.43562e-05	 0.000242441	 0.00272088	 0.0426846	 0.189903	 0.229654	 0.207539	 0.1497	 0.0928807	 0.0501861	 0.0223942	 0.00842109	 0.00270815	 0.000950962	 	 # 0	 0	 0	 0	 0.000162	 0.001564	 0.03074	 0.173187	 0.272635	 0.232143	 0.144654	 0.070916	 0.043269	 0.019418	 0.008295	 0.002175	 0.000843	 
1994	 3	 1	 1	 1	 0	 0	 367	 1.69934e-09	 3.7794e-08	 7.46055e-07	 1.61372e-05	 0.000304495	 0.00385741	 0.0538801	 0.203031	 0.215642	 0.190243	 0.143402	 0.0944317	 0.0543318	 0.025888	 0.0103034	 0.00344187	 0.00122555	 	 # 0	 0	 0.000127	 0	 2.4e-05	 0.001784	 0.046992	 0.177933	 0.253944	 0.198165	 0.133629	 0.08493	 0.053384	 0.028682	 0.013116	 0.005872	 0.001417	 
1995	 3	 1	 1	 1	 0	 0	 705	 1.83367e-09	 4.05615e-08	 7.81162e-07	 1.60948e-05	 0.000299273	 0.00390401	 0.059105	 0.233349	 0.243043	 0.190173	 0.123161	 0.0732186	 0.0412693	 0.0201664	 0.00833512	 0.00289036	 0.00106906	 	 # 4.4e-05	 0	 0.000334	 0	 0.000238	 0.001792	 0.04701	 0.189629	 0.247586	 0.194753	 0.130339	 0.082564	 0.051882	 0.03011	 0.014359	 0.006334	 0.003027	 
1996	 3	 1	 1	 1	 0	 0	 817	 1.49781e-09	 3.33202e-08	 6.57685e-07	 1.42977e-05	 0.000275369	 0.0037388	 0.0565909	 0.227462	 0.245595	 0.198592	 0.128671	 0.0730149	 0.0381927	 0.0174757	 0.00699723	 0.002442	 0.000937545	 	 # 0	 0	 0	 0	 0	 0.003134	 0.068075	 0.206839	 0.229461	 0.192799	 0.127056	 0.075589	 0.048745	 0.028763	 0.012721	 0.00509	 0.001728	 
1997	 3	 1	 1	 1	 0	 0	 984	 1.62382e-09	 3.58614e-08	 6.83361e-07	 1.37163e-05	 0.000250945	 0.00324735	 0.0512422	 0.216901	 0.244277	 0.20301	 0.134657	 0.077704	 0.0405141	 0.0180499	 0.00693254	 0.00232703	 0.000872827	 	 # 0	 0	 0	 0	 7.8e-05	 0.003	 0.059292	 0.204909	 0.240721	 0.186437	 0.125003	 0.07545	 0.047468	 0.029456	 0.015703	 0.007907	 0.004577	 
1998	 3	 1	 1	 1	 0	 0	 613	 1.53196e-09	 3.39422e-08	 6.54375e-07	 1.34408e-05	 0.000247729	 0.0031553	 0.0481467	 0.204683	 0.233959	 0.202639	 0.142152	 0.0861451	 0.0462789	 0.0209142	 0.00803408	 0.00266082	 0.000970037	 	 # 0	 0	 0	 0.000108	 0	 0.00282	 0.0578	 0.218632	 0.266244	 0.203012	 0.12269	 0.067337	 0.033865	 0.016304	 0.006846	 0.002719	 0.001625	 
1999	 3	 1	 1	 1	 0	 0	 915	 1.76279e-09	 3.88828e-08	 7.35865e-07	 1.44733e-05	 0.000258263	 0.00315009	 0.048042	 0.201705	 0.227419	 0.198005	 0.143086	 0.0902287	 0.0505415	 0.0237845	 0.00943049	 0.00317578	 0.00115834	 	 # 0	 0	 0	 0	 0	 0.002046	 0.043548	 0.178562	 0.266933	 0.224152	 0.139925	 0.077925	 0.041227	 0.01716	 0.005705	 0.001947	 0.000868	 
2000	 3	 1	 1	 1	 0	 0	 1029	 1.92318e-09	 4.24947e-08	 8.11421e-07	 1.62883e-05	 0.000293487	 0.0035702	 0.0524849	 0.210385	 0.227956	 0.1938	 0.137881	 0.086529	 0.0490867	 0.0237053	 0.00968584	 0.00335203	 0.00125327	 	 # 0	 0	 0	 5.5e-05	 0	 0.002742	 0.054185	 0.194604	 0.239411	 0.192948	 0.137152	 0.080274	 0.048645	 0.026673	 0.014585	 0.005697	 0.003029	 
2001	 3	 1	 1	 1	 0	 0	 898	 1.72309e-09	 3.82185e-08	 7.41925e-07	 1.54931e-05	 0.000288425	 0.0036873	 0.0545671	 0.220201	 0.235198	 0.193252	 0.132204	 0.0804343	 0.0450337	 0.0217571	 0.00897944	 0.00316381	 0.00121683	 	 # 0	 0	 2.8e-05	 0	 0.000103	 0.0015	 0.04563	 0.199267	 0.265957	 0.214346	 0.135542	 0.067145	 0.038974	 0.019746	 0.007561	 0.002942	 0.00126	 
2002	 3	 1	 1	 1	 0	 0	 628	 1.68718e-09	 3.7301e-08	 7.1219e-07	 1.43157e-05	 0.000260589	 0.00328407	 0.0504492	 0.214109	 0.237504	 0.198063	 0.135689	 0.0815793	 0.0447924	 0.0212702	 0.00870476	 0.00307651	 0.0012031	 	 # 0	 0	 0	 0	 7.1e-05	 0.001663	 0.058986	 0.218218	 0.276414	 0.210594	 0.128255	 0.057707	 0.027606	 0.012857	 0.005319	 0.001734	 0.000576	 
2003	 3	 1	 1	 1	 0	 0	 688	 8.05894e-10	 1.82821e-08	 3.90324e-07	 9.85781e-06	 0.000207892	 0.00310035	 0.0471328	 0.202591	 0.229882	 0.199255	 0.142715	 0.0885416	 0.0491511	 0.0233077	 0.00947518	 0.00332812	 0.0013013	 	 # 0	 0	 0	 0	 0	 0.001895	 0.049682	 0.218629	 0.275161	 0.207658	 0.1272	 0.062539	 0.033554	 0.014795	 0.005876	 0.001916	 0.001094	 
2004	 3	 1	 1	 1	 0	 0	 449	 1.08116e-09	 2.38001e-08	 4.45279e-07	 8.58099e-06	 0.000155719	 0.0021093	 0.037154	 0.180957	 0.225751	 0.20467	 0.151589	 0.0975035	 0.0559738	 0.0272878	 0.0112876	 0.00399094	 0.00156132	 	 # 0	 0	 0	 0	 6.6e-05	 0.001215	 0.051327	 0.21503	 0.283751	 0.206811	 0.11884	 0.062679	 0.03483	 0.015537	 0.006658	 0.002026	 0.001232	 
2005	 3	 1	 1	 1	 0	 0	 337	 9.08862e-11	 3.1076e-09	 9.18262e-08	 2.82913e-06	 7.62933e-05	 0.00134222	 0.027449	 0.151021	 0.208404	 0.209979	 0.168526	 0.113663	 0.0665018	 0.0326929	 0.0136116	 0.00483267	 0.00189778	 	 # 0	 0	 0	 0	 0	 0.000485	 0.034904	 0.172732	 0.257658	 0.206822	 0.147408	 0.082432	 0.046486	 0.023695	 0.016908	 0.007266	 0.003203	 
2006	 3	 1	 1	 1	 0	 0	 337	 8.50467e-11	 2.91821e-09	 8.76251e-08	 2.80772e-06	 7.83057e-05	 0.00144055	 0.0290865	 0.156288	 0.203955	 0.198973	 0.161694	 0.114183	 0.0713427	 0.0375766	 0.0166304	 0.00619857	 0.0025505	 	 # 0	 0	 0	 0	 0	 0.00045	 0.027936	 0.136486	 0.228954	 0.196611	 0.16166	 0.101178	 0.070427	 0.041574	 0.022708	 0.007786	 0.004229	 
2007	 3	 1	 1	 1	 0	 0	 276	 7.53183e-11	 2.58744e-09	 7.81618e-08	 2.54543e-06	 7.23475e-05	 0.00138564	 0.0287195	 0.157152	 0.205175	 0.197381	 0.158614	 0.11196	 0.0715086	 0.0392931	 0.0183404	 0.00722384	 0.00317159	 	 # 0	 0	 0	 0	 0	 0.000573	 0.025731	 0.12936	 0.206093	 0.190896	 0.150598	 0.112913	 0.084343	 0.05294	 0.026878	 0.013391	 0.006285	 
2008	 3	 1	 1	 1	 0	 0	 318	 5.04248e-11	 1.75055e-09	 5.54155e-08	 1.9942e-06	 6.08699e-05	 0.00128176	 0.0271692	 0.15255	 0.204283	 0.198986	 0.160025	 0.112485	 0.0720362	 0.0402144	 0.0193139	 0.00790791	 0.00368549	 	 # 0	 0	 0	 0	 0.000348	 0.002243	 0.027529	 0.124737	 0.196394	 0.18995	 0.164574	 0.103519	 0.086701	 0.053975	 0.030228	 0.01468	 0.005122	 
2009	 3	 1	 1	 1	 0	 0	 362	 5.73229e-11	 1.96041e-09	 5.81065e-08	 1.82381e-06	 5.15389e-05	 0.00103406	 0.023609	 0.140939	 0.19952	 0.200844	 0.164706	 0.117288	 0.0757032	 0.0426181	 0.0207585	 0.00869388	 0.00423158	 	 # 0	 0	 0	 0.000147	 0	 0.000396	 0.01911	 0.111051	 0.187521	 0.179921	 0.154035	 0.115423	 0.089833	 0.066136	 0.043036	 0.021639	 0.011753	 
2010	 3	 1	 1	 1	 0	 0	 328	 6.2763e-11	 2.15026e-09	 6.4135e-08	 2.02715e-06	 5.63748e-05	 0.00106061	 0.0227403	 0.131437	 0.187919	 0.197294	 0.16879	 0.124261	 0.0818901	 0.0467461	 0.0230671	 0.00981376	 0.0049224	 	 # 0	 0	 0	 0	 0	 0.000358	 0.017161	 0.10537	 0.18236	 0.188782	 0.144264	 0.119206	 0.095711	 0.06671	 0.043825	 0.021922	 0.014333	 
2011	 3	 1	 1	 1	 0	 0	 295	 4.70834e-11	 1.63458e-09	 5.17281e-08	 1.85632e-06	 5.62373e-05	 0.0011629	 0.0242999	 0.135237	 0.1854	 0.190856	 0.16425	 0.123932	 0.0842042	 0.0493771	 0.0248954	 0.0107817	 0.00554546	 	 # 0	 0	 0	 0	 0	 0.00081	 0.020228	 0.112176	 0.167129	 0.181274	 0.14485	 0.118773	 0.084588	 0.072303	 0.044293	 0.029024	 0.024552	 
2012	 3	 1	 1	 1	 0	 0	 288	 7.00948e-11	 2.3872e-09	 6.93813e-08	 2.07191e-06	 5.60429e-05	 0.00105432	 0.0237267	 0.137253	 0.190449	 0.192058	 0.161104	 0.120252	 0.0823102	 0.0491757	 0.0253721	 0.0112394	 0.00594748	 	 # 0	 0	 0	 0	 0	 0.000395	 0.024683	 0.124402	 0.203529	 0.191267	 0.147574	 0.100955	 0.078569	 0.053528	 0.034691	 0.021014	 0.019392	 
2013	 3	 1	 1	 1	 0	 0	 327	 1.04272e-10	 3.55162e-09	 1.03095e-07	 3.0405e-06	 7.91742e-05	 0.00132257	 0.0268277	 0.142371	 0.189568	 0.191333	 0.160149	 0.118227	 0.0801136	 0.0478042	 0.0248939	 0.0112098	 0.00609747	 	 # 0	 0	 0	 0	 0	 0.00077	 0.010442	 0.109425	 0.195364	 0.216476	 0.161229	 0.106223	 0.08386	 0.044186	 0.03253	 0.022399	 0.017097	 
2014	 3	 1	 1	 1	 0	 0	 305	 1.07225e-10	 3.68077e-09	 1.10758e-07	 3.55863e-06	 9.86512e-05	 0.00176755	 0.034036	 0.168027	 0.202735	 0.188294	 0.14872	 0.106105	 0.0708935	 0.0420448	 0.021879	 0.00990793	 0.00548787	 	 # 0	 0	 0	 0	 0	 0.004066	 0.03711	 0.180855	 0.211485	 0.18774	 0.134732	 0.098282	 0.06079	 0.042639	 0.025869	 0.01091	 0.005522	 
2015	 3	 1	 1	 1	 0	 0	 287	 9.07256e-11	 3.12275e-09	 9.52187e-08	 3.16643e-06	 9.11869e-05	 0.00176671	 0.0357812	 0.183594	 0.221818	 0.195416	 0.142916	 0.0944431	 0.0597996	 0.0343649	 0.0176133	 0.00795062	 0.00444169	 	 # 0	 0	 0	 0	 0	 0.002504	 0.047044	 0.200801	 0.235189	 0.201087	 0.13249	 0.077399	 0.050622	 0.02903	 0.014841	 0.006719	 0.002275	 
2016	 3	 1	 1	 1	 0	 0	 408	 8.54612e-11	 2.92896e-09	 8.75946e-08	 2.79432e-06	 7.87239e-05	 0.00151623	 0.0321969	 0.175683	 0.225705	 0.205444	 0.150144	 0.0956931	 0.0571054	 0.0309222	 0.0151517	 0.0066674	 0.00368958	 	 # 0	 0	 0	 0	 0	 0.001173	 0.034989	 0.16692	 0.240724	 0.240546	 0.14161	 0.084137	 0.044617	 0.024752	 0.012436	 0.004111	 0.003987	 
2017	 3	 1	 1	 1	 0	 0	 309	 6.60154e-11	 2.2771e-09	 7.00594e-08	 2.37554e-06	 6.95448e-05	 0.00139073	 0.0292804	 0.162387	 0.216233	 0.207069	 0.159176	 0.104607	 0.0621583	 0.0325699	 0.0152295	 0.00641179	 0.0034159	 	 # 0	 0	 0	 0	 0	 0	 0.026198	 0.132743	 0.240004	 0.210512	 0.147671	 0.085251	 0.066069	 0.037995	 0.028973	 0.013134	 0.01145	 
2018	 3	 1	 1	 1	 0	 0	 291	 7.35857e-11	 2.51545e-09	 7.43411e-08	 2.30787e-06	 6.39155e-05	 0.00121739	 0.0266	 0.152101	 0.208263	 0.204911	 0.163267	 0.111715	 0.0684396	 0.0362874	 0.0167839	 0.00686266	 0.00348689	 	 # 0	 0	 0	 0	 0	 0.00042	 0.01781	 0.131101	 0.220574	 0.212039	 0.150588	 0.102787	 0.078363	 0.040693	 0.024314	 0.011658	 0.009653	 
2019	 3	 1	 1	 1	 0	 0	 363	 5.73088e-11	 1.98383e-09	 6.19923e-08	 2.16747e-06	 6.44535e-05	 0.0013016	 0.0270259	 0.148225	 0.19997	 0.200167	 0.164109	 0.115944	 0.073232	 0.0398367	 0.0187024	 0.00763872	 0.00378223	 	 # 0	 0	 0	 0	 0	 0.000307	 0.0352	 0.156779	 0.210296	 0.197707	 0.148367	 0.099119	 0.068591	 0.044726	 0.021362	 0.009767	 0.00778	 
2020	 3	 1	 1	 1	 0	 0	 462	 6.51862e-11	 2.23364e-09	 6.68195e-08	 2.14007e-06	 6.09788e-05	 0.0012161	 0.0267597	 0.150176	 0.202649	 0.198742	 0.160381	 0.113788	 0.0733743	 0.0409696	 0.0196858	 0.0081577	 0.00403666	 	 # 0	 0	 0	 0	 0	 0.000927	 0.030215	 0.152912	 0.222099	 0.217881	 0.156945	 0.094998	 0.056883	 0.032933	 0.015328	 0.01022	 0.008659	 
2021	 3	 1	 1	 1	 0	 0	 276	 9.84051e-11	 3.34845e-09	 9.67894e-08	 2.83272e-06	 7.40268e-05	 0.0012767	 0.0271327	 0.14918	 0.201565	 0.199599	 0.160863	 0.113451	 0.073039	 0.0410792	 0.0200411	 0.00845105	 0.00424461	 	 # 0	 0	 0	 0	 0	 0	 0	 0.034082	 0.150399	 0.27269	 0.224463	 0.139758	 0.073403	 0.055048	 0.026029	 0.013024	 0.011104	 
1990	 3	 1	 1	 0	 0	 0	 190	 0.028433	 0.043589	 0.0595624	 0.0901781	 0.12019	 0.114675	 0.140804	 0.120252	 0.0999929	 0.0798676	 0.0500612	 0.0277389	 0.0142774	 0.00638359	 0.00254018	 0.000943498	 0.000510892	 	 # 0.073723	 0.037744	 0.074999	 0.099097	 0.136722	 0.126059	 0.088265	 0.11579	 0.111761	 0.05964	 0.034428	 0.017535	 0.013921	 0.004977	 0.003855	 0.001181	 0.000303	 
1991	 3	 1	 1	 0	 0	 0	 104	 0.0237356	 0.0365511	 0.0508887	 0.0804544	 0.111811	 0.114398	 0.145922	 0.131232	 0.109618	 0.0861435	 0.0539065	 0.0299623	 0.0152231	 0.00654761	 0.0024406	 0.0008173	 0.000348458	 	 # 0.096404	 0.051878	 0.061314	 0.083508	 0.105582	 0.10028	 0.102537	 0.114662	 0.087464	 0.067187	 0.051284	 0.034247	 0.020591	 0.012858	 0.006978	 0.002687	 0.000538	 
1992	 3	 1	 1	 0	 0	 0	 94	 0.0286403	 0.0435873	 0.0572751	 0.0796218	 0.101899	 0.0964739	 0.130139	 0.127426	 0.114016	 0.0942017	 0.0617233	 0.0352315	 0.0179852	 0.00770599	 0.00282955	 0.000908517	 0.00033547	 	 # 0.079726	 0.049518	 0.069939	 0.087556	 0.105016	 0.11977	 0.11633	 0.112379	 0.094493	 0.068848	 0.042286	 0.023299	 0.017246	 0.00854	 0.00353	 0.000838	 0.000687	 
1993	 3	 1	 1	 0	 0	 0	 62	 0.0378994	 0.0573967	 0.0731895	 0.093243	 0.108609	 0.0850743	 0.108858	 0.108494	 0.0998855	 0.0883162	 0.0636065	 0.0394603	 0.0213214	 0.00951407	 0.00357766	 0.00115055	 0.000404012	 	 # 0.121791	 0.04292	 0.064769	 0.077288	 0.089026	 0.107617	 0.117426	 0.107186	 0.091436	 0.0658	 0.042802	 0.028239	 0.022022	 0.012282	 0.005602	 0.00317	 0.000626	 
1994	 3	 1	 1	 0	 0	 0	 119	 0.0310189	 0.047541	 0.064672	 0.0964049	 0.125469	 0.110937	 0.126389	 0.106692	 0.0862692	 0.0744636	 0.0560441	 0.0369017	 0.0212314	 0.0101163	 0.0040263	 0.00134499	 0.000478913	 	 # 0.066496	 0.049957	 0.067777	 0.08562	 0.106072	 0.117794	 0.124808	 0.116776	 0.099023	 0.072835	 0.045616	 0.022693	 0.013824	 0.006108	 0.003327	 0.000861	 0.000413	 
1995	 3	 1	 1	 0	 0	 0	 907	 0.032736	 0.0499019	 0.0662286	 0.0940405	 0.120609	 0.109813	 0.135601	 0.119932	 0.0950963	 0.0728021	 0.0470767	 0.0279839	 0.0157729	 0.00770747	 0.00318563	 0.00110468	 0.000408589	 	 # 0.080756	 0.049247	 0.072127	 0.092308	 0.112362	 0.125326	 0.121283	 0.099034	 0.081259	 0.062131	 0.041858	 0.025905	 0.016817	 0.009929	 0.005837	 0.002474	 0.001347	 
1996	 3	 1	 1	 0	 0	 0	 1061	 0.0283154	 0.0434082	 0.059045	 0.0884622	 0.117514	 0.111361	 0.137482	 0.123793	 0.101756	 0.0805038	 0.0520801	 0.0295501	 0.015457	 0.00707257	 0.00283185	 0.000988302	 0.000379433	 	 # 0.082275	 0.038679	 0.056039	 0.078576	 0.100896	 0.124295	 0.134849	 0.120441	 0.098377	 0.071348	 0.042048	 0.023961	 0.013812	 0.007821	 0.004035	 0.001784	 0.000764	 
1997	 3	 1	 1	 0	 0	 0	 1116	 0.0317373	 0.0483012	 0.0634282	 0.0877398	 0.110718	 0.0999996	 0.128705	 0.122044	 0.104638	 0.0850821	 0.0563494	 0.0325131	 0.0169519	 0.00755243	 0.00290071	 0.000973673	 0.000365207	 	 # 0.080978	 0.039608	 0.051963	 0.063377	 0.080001	 0.10127	 0.135498	 0.132965	 0.113869	 0.082249	 0.049586	 0.029005	 0.01717	 0.010643	 0.006221	 0.00302	 0.002578	 
1998	 3	 1	 1	 0	 0	 0	 638	 0.0305964	 0.0467156	 0.0620655	 0.0878562	 0.111689	 0.0992889	 0.123573	 0.117687	 0.102409	 0.086783	 0.0607862	 0.0368329	 0.0197872	 0.00894216	 0.00343509	 0.00113768	 0.000414754	 	 # 0.087015	 0.040996	 0.054184	 0.070011	 0.086055	 0.107547	 0.143589	 0.144568	 0.11083	 0.078667	 0.039396	 0.02054	 0.010236	 0.004139	 0.001729	 0.000353	 0.000147	 
1999	 3	 1	 1	 0	 0	 0	 1155	 0.0341898	 0.0519701	 0.0677789	 0.0918733	 0.113075	 0.0962622	 0.119744	 0.112625	 0.0966715	 0.0823497	 0.0594186	 0.0374648	 0.0209857	 0.00987574	 0.0039157	 0.00131864	 0.000480962	 	 # 0.081455	 0.038718	 0.049565	 0.063788	 0.084574	 0.105371	 0.136417	 0.137135	 0.121003	 0.084173	 0.050367	 0.024776	 0.01341	 0.005585	 0.00238	 0.000769	 0.000514	 
2000	 3	 1	 1	 0	 0	 0	 1205	 0.0350253	 0.0533329	 0.0701791	 0.0970877	 0.120659	 0.102445	 0.122837	 0.110306	 0.090989	 0.0756841	 0.0537644	 0.0337369	 0.0191384	 0.00924244	 0.0037764	 0.00130692	 0.000488636	 	 # 0.072479	 0.042978	 0.05808	 0.073338	 0.093337	 0.11338	 0.146386	 0.138684	 0.107669	 0.069622	 0.040483	 0.021565	 0.011482	 0.005701	 0.003132	 0.001041	 0.000646	 
2001	 3	 1	 1	 0	 0	 0	 975	 0.0317971	 0.0486017	 0.0650188	 0.0935716	 0.120149	 0.107207	 0.129403	 0.116983	 0.0951239	 0.0764702	 0.0522337	 0.0317762	 0.0177908	 0.00859527	 0.00354737	 0.00124988	 0.000480715	 	 # 0.049286	 0.03151	 0.046993	 0.063469	 0.090186	 0.118498	 0.157525	 0.154639	 0.123625	 0.079205	 0.043222	 0.020092	 0.012046	 0.005514	 0.002946	 0.000824	 0.00042	 
2002	 3	 1	 1	 0	 0	 0	 675	 0.0325551	 0.0495993	 0.0652608	 0.0904057	 0.113507	 0.0998405	 0.125097	 0.118936	 0.100439	 0.0819501	 0.0560569	 0.0336992	 0.0185029	 0.00878632	 0.00359577	 0.00127085	 0.00049698	 	 # 0.047331	 0.032284	 0.043441	 0.064482	 0.087664	 0.117964	 0.158845	 0.166755	 0.124707	 0.078778	 0.040296	 0.020333	 0.009699	 0.004525	 0.001844	 0.000655	 0.000398	 
2003	 3	 1	 1	 0	 0	 0	 700	 0.0180176	 0.0281673	 0.0414425	 0.0721316	 0.104922	 0.109211	 0.135418	 0.130396	 0.112642	 0.0955252	 0.0683153	 0.0423789	 0.0235251	 0.0111557	 0.00453509	 0.00159293	 0.000622842	 	 # 0.016189	 0.011304	 0.022617	 0.036805	 0.062889	 0.104034	 0.162054	 0.182594	 0.156066	 0.109519	 0.069831	 0.032289	 0.019024	 0.009046	 0.00402	 0.00133	 0.000389	 
2004	 3	 1	 1	 0	 0	 0	 488	 0.0261911	 0.0397322	 0.0512269	 0.0680344	 0.0851559	 0.0805083	 0.115666	 0.126201	 0.119859	 0.106319	 0.0786249	 0.0505671	 0.0290288	 0.0141518	 0.00585392	 0.00206976	 0.000809721	 	 # 0.032771	 0.018499	 0.02957	 0.047925	 0.071922	 0.113717	 0.162668	 0.16898	 0.146838	 0.097763	 0.054618	 0.026791	 0.016067	 0.007368	 0.003084	 0.001112	 0.000308	 
2005	 3	 1	 1	 0	 0	 0	 220	 0.00292709	 0.00689704	 0.0140445	 0.0298206	 0.0554669	 0.068108	 0.113606	 0.140023	 0.147102	 0.145012	 0.116207	 0.0783682	 0.0458512	 0.0225409	 0.00938486	 0.00333199	 0.00130847	 	 # 0.007212	 0.008105	 0.014298	 0.025638	 0.042285	 0.073538	 0.139454	 0.189359	 0.185166	 0.14366	 0.086222	 0.043347	 0.024407	 0.008869	 0.005534	 0.001977	 0.000929	 
2006	 3	 1	 1	 0	 0	 0	 321	 0.00270729	 0.00640168	 0.0132467	 0.0292521	 0.0562703	 0.0722507	 0.118988	 0.143227	 0.142295	 0.135819	 0.110205	 0.0778143	 0.048619	 0.0256079	 0.0113333	 0.00422424	 0.00173813	 	 # 0.008564	 0.007975	 0.014338	 0.021177	 0.035049	 0.061568	 0.118027	 0.166774	 0.179629	 0.146809	 0.101694	 0.063956	 0.039424	 0.020687	 0.008653	 0.003898	 0.001779	 
2007	 3	 1	 1	 0	 0	 0	 257	 0.00242974	 0.00575211	 0.0119744	 0.0268748	 0.0526854	 0.0704283	 0.119061	 0.145949	 0.145064	 0.136538	 0.109554	 0.0773222	 0.0493851	 0.0271365	 0.0126662	 0.00498891	 0.00219035	 	 # 0.013477	 0.012288	 0.019445	 0.031747	 0.048054	 0.07819	 0.132914	 0.171009	 0.157321	 0.127613	 0.0829	 0.056266	 0.03484	 0.019232	 0.009364	 0.00384	 0.001498	 
2008	 3	 1	 1	 0	 0	 0	 258	 0.00168044	 0.00402025	 0.00877022	 0.0217507	 0.045792	 0.0673014	 0.116357	 0.146357	 0.149206	 0.142197	 0.114182	 0.080252	 0.0513936	 0.0286906	 0.0137794	 0.00564183	 0.00262938	 	 # 0.006583	 0.010077	 0.017291	 0.022706	 0.039407	 0.064583	 0.121861	 0.166765	 0.167527	 0.138247	 0.093465	 0.05877	 0.043669	 0.025953	 0.013969	 0.005847	 0.003277	 
2009	 3	 1	 1	 0	 0	 0	 292	 0.00198209	 0.00467131	 0.00954155	 0.0206395	 0.0402288	 0.0563347	 0.104907	 0.140298	 0.151202	 0.148916	 0.121936	 0.0868223	 0.0560386	 0.0315477	 0.0153663	 0.00643556	 0.00313239	 	 # 0.002907	 0.004923	 0.008114	 0.013334	 0.024534	 0.043449	 0.099263	 0.156744	 0.172629	 0.152829	 0.110869	 0.078254	 0.053543	 0.036859	 0.022738	 0.01211	 0.006903	 
2010	 3	 1	 1	 0	 0	 0	 222	 0.0021631	 0.00510697	 0.0104971	 0.0228657	 0.0438597	 0.0575923	 0.100717	 0.130411	 0.141944	 0.145806	 0.124551	 0.091683	 0.0604203	 0.0344903	 0.0170194	 0.0072408	 0.00363185	 	 # 0.005846	 0.005467	 0.012293	 0.016881	 0.030331	 0.055579	 0.107945	 0.153148	 0.161413	 0.146545	 0.101574	 0.073129	 0.052053	 0.036455	 0.022811	 0.011131	 0.007398	 
2011	 3	 1	 1	 0	 0	 0	 252	 0.00161251	 0.00385781	 0.00841322	 0.0208073	 0.0434779	 0.0627504	 0.106948	 0.133338	 0.139162	 0.140162	 0.12044	 0.0908662	 0.0617375	 0.0362026	 0.018253	 0.00790499	 0.00406586	 	 # 0.005171	 0.004206	 0.009375	 0.015204	 0.025907	 0.047136	 0.10472	 0.158389	 0.169216	 0.150895	 0.105607	 0.070516	 0.04915	 0.037109	 0.02301	 0.013629	 0.010761	 
2012	 3	 1	 1	 0	 0	 0	 241	 0.00239961	 0.00563172	 0.0112797	 0.0232141	 0.0433095	 0.0568674	 0.104382	 0.135269	 0.142893	 0.140986	 0.118083	 0.0881307	 0.0603236	 0.0360399	 0.0185947	 0.00823715	 0.00435879	 	 # 0.011408	 0.0069	 0.010918	 0.014806	 0.025298	 0.047426	 0.102829	 0.162246	 0.177028	 0.150756	 0.10915	 0.066664	 0.042933	 0.032731	 0.018194	 0.01111	 0.009603	 
2013	 3	 1	 1	 0	 0	 0	 236	 0.00335167	 0.00786718	 0.0157373	 0.0319863	 0.0574494	 0.0669807	 0.110818	 0.131747	 0.133547	 0.131878	 0.110216	 0.0813568	 0.0551288	 0.0328957	 0.0171303	 0.00771382	 0.00419587	 	 # 0.00978	 0.006897	 0.012546	 0.01836	 0.032257	 0.057357	 0.106564	 0.149594	 0.15854	 0.138119	 0.105121	 0.073268	 0.05029	 0.033204	 0.023611	 0.013188	 0.011305	 
2014	 3	 1	 1	 0	 0	 0	 219	 0.00320772	 0.00758821	 0.0157354	 0.0348426	 0.0666213	 0.0833126	 0.130851	 0.144712	 0.132925	 0.120789	 0.0952577	 0.0679546	 0.0454033	 0.0269273	 0.0140122	 0.00634547	 0.00351467	 	 # 0.014887	 0.011977	 0.018213	 0.026547	 0.040919	 0.070874	 0.124865	 0.16749	 0.164223	 0.138519	 0.089236	 0.055221	 0.0339	 0.021203	 0.011293	 0.005856	 0.004775	 
2015	 3	 1	 1	 0	 0	 0	 243	 0.00272351	 0.00646003	 0.0135744	 0.0311096	 0.0617931	 0.0835604	 0.138035	 0.158665	 0.145939	 0.125791	 0.091856	 0.0606948	 0.0384305	 0.0220848	 0.0113193	 0.0051095	 0.00285448	 	 # 0.009468	 0.007405	 0.012229	 0.020974	 0.030168	 0.061902	 0.122932	 0.181589	 0.18677	 0.15179	 0.094065	 0.052921	 0.032812	 0.018644	 0.009292	 0.004854	 0.002184	 
2016	 3	 1	 1	 0	 0	 0	 253	 0.00266856	 0.00630263	 0.0129893	 0.0285569	 0.0554911	 0.0745954	 0.129199	 0.157929	 0.154463	 0.13756	 0.100379	 0.0639693	 0.0381738	 0.0206709	 0.0101286	 0.00445701	 0.00246641	 	 # 0.010516	 0.008992	 0.016775	 0.025017	 0.043944	 0.066502	 0.123193	 0.171566	 0.175873	 0.147281	 0.092894	 0.054898	 0.030889	 0.01602	 0.009317	 0.003782	 0.002542	 
2017	 3	 1	 1	 0	 0	 0	 222	 0.00213482	 0.00507454	 0.0107593	 0.0251422	 0.0507679	 0.0708592	 0.121682	 0.151179	 0.153255	 0.143589	 0.11021	 0.0724199	 0.0430323	 0.0225482	 0.0105434	 0.00443889	 0.00236483	 	 # 0.004645	 0.005043	 0.009896	 0.016614	 0.030117	 0.054243	 0.107312	 0.157	 0.174447	 0.154479	 0.10516	 0.069304	 0.0451	 0.029199	 0.018245	 0.010417	 0.008778	 
2018	 3	 1	 1	 0	 0	 0	 318	 0.00243808	 0.0057434	 0.0116972	 0.0250259	 0.0478044	 0.0635506	 0.113258	 0.14508	 0.151231	 0.145583	 0.115819	 0.0792403	 0.0485445	 0.0257388	 0.0119049	 0.00486772	 0.00247326	 	 # 0.004829	 0.004975	 0.007427	 0.015547	 0.028592	 0.057059	 0.110817	 0.157559	 0.164944	 0.146429	 0.108696	 0.074372	 0.048815	 0.033214	 0.019503	 0.010246	 0.006978	 
2019	 3	 1	 1	 0	 0	 0	 224	 0.0018989	 0.00452986	 0.0097548	 0.023505	 0.0482098	 0.0679507	 0.115079	 0.141392	 0.145218	 0.142221	 0.116423	 0.0822451	 0.051947	 0.0282581	 0.0132665	 0.00541851	 0.00268292	 	 # 0.016816	 0.010177	 0.013026	 0.023035	 0.036207	 0.056685	 0.108548	 0.144626	 0.163688	 0.150431	 0.109384	 0.077848	 0.045948	 0.026222	 0.011804	 0.003148	 0.002405	 
2020	 3	 1	 1	 0	 0	 0	 302	 0.00217323	 0.00513172	 0.0105792	 0.023351	 0.0458921	 0.063879	 0.114648	 0.144137	 0.148072	 0.142079	 0.11448	 0.081214	 0.052369	 0.0292409	 0.0140502	 0.00582234	 0.00288105	 	 # 0.01235	 0.009114	 0.011815	 0.020728	 0.034808	 0.065998	 0.118284	 0.1683	 0.170971	 0.146774	 0.10232	 0.061419	 0.035897	 0.01948	 0.012388	 0.005015	 0.004337	 
2021	 3	 1	 1	 0	 0	 0	 157	 0.00318519	 0.00746896	 0.014878	 0.0300087	 0.0540898	 0.0651091	 0.112861	 0.139012	 0.142991	 0.138537	 0.111482	 0.0786157	 0.0506118	 0.0284655	 0.0138873	 0.00585608	 0.00294127	 	 # 0.010831	 0.008598	 0.013263	 0.02131	 0.0504	 0.07658	 0.133711	 0.160949	 0.174335	 0.136725	 0.098608	 0.052135	 0.033516	 0.016451	 0.007211	 0.003695	 0.001682	 

##  Growth data (increment)
# Type of growth increment (0=no growth data;1=size-at-release; 2= size-class-at-release)
3
# nobs_growth
222
# Growth data
 1 1 3 1 1 1 2004 2
 1 1 4 1 1 1 2004 2
 2 1 2 1 1 1 2004 1
 2 1 4 1 1 1 2004 4
 2 1 5 1 1 1 2004 10
 2 1 6 1 1 1 2004 1
 2 1 8 1 1 1 2004 1
 3 1 5 1 1 1 2004 4
 3 1 6 1 1 1 2004 6
 3 1 7 1 1 1 2004 2
 4 1 4 1 1 1 2004 2
 4 1 6 1 1 1 2004 7
 4 1 7 1 1 1 2004 29
 4 1 8 1 1 1 2004 12
 5 1 5 1 1 1 2004 9
 5 1 6 1 1 1 2004 10
 5 1 7 1 1 1 2004 25
 5 1 8 1 1 1 2004 90
 5 1 9 1 1 1 2004 24
 5 1 10 1 1 1 2004 3
 6 1 6 1 1 1 2004 18
 6 1 7 1 1 1 2004 12
 6 1 8 1 1 1 2004 36
 6 1 9 1 1 1 2004 96
 6 1 10 1 1 1 2004 21
 7 1 7 1 1 1 2004 43
 7 1 8 1 1 1 2004 9
 7 1 9 1 1 1 2004 37
 7 1 10 1 1 1 2004 64
 7 1 11 1 1 1 2004 23
 8 1 8 1 1 1 2004 39
 8 1 9 1 1 1 2004 11
 8 1 10 1 1 1 2004 28
 8 1 11 1 1 1 2004 44
 8 1 12 1 1 1 2004 13
 8 1 13 1 1 1 2004 1
 9 1 9 1 1 1 2004 48
 9 1 10 1 1 1 2004 7
 9 1 11 1 1 1 2004 8
 9 1 12 1 1 1 2004 22
 9 1 13 1 1 1 2004 3
 10 1 10 1 1 1 2004 56
 10 1 11 1 1 1 2004 4
 10 1 12 1 1 1 2004 7
 10 1 13 1 1 1 2004 12
 10 1 14 1 1 1 2004 1
 11 1 11 1 1 1 2004 30
 11 1 12 1 1 1 2004 6
 11 1 13 1 1 1 2004 1
 11 1 14 1 1 1 2004 5
 12 1 12 1 1 1 2004 18
 12 1 13 1 1 1 2004 4
 12 1 14 1 1 1 2004 2
 12 1 15 1 1 1 2004 2
 13 1 13 1 1 1 2004 12
 13 1 14 1 1 1 2004 1
 13 1 15 1 1 1 2004 1
 13 1 16 1 1 1 2004 1
 14 1 14 1 1 1 2004 10
 14 1 15 1 1 1 2004 1
 15 1 15 1 1 1 2004 3
 15 1 16 1 1 1 2004 1
 17 1 17 1 1 1 2004 1
 1 1 4 2 1 1 2004 1
 1 1 8 2 1 1 2004 1
 2 1 5 2 1 1 2004 2
 2 1 7 2 1 1 2004 1
 2 1 8 2 1 1 2004 4
 2 1 9 2 1 1 2004 3
 3 1 5 2 1 1 2004 3
 3 1 6 2 1 1 2004 7
 3 1 7 2 1 1 2004 1
 3 1 8 2 1 1 2004 1
 3 1 9 2 1 1 2004 13
 3 1 10 2 1 1 2004 1
 4 1 6 2 1 1 2004 1
 4 1 7 2 1 1 2004 16
 4 1 8 2 1 1 2004 8
 4 1 9 2 1 1 2004 6
 4 1 10 2 1 1 2004 10
 4 1 11 2 1 1 2004 4
 5 1 5 2 1 1 2004 1
 5 1 6 2 1 1 2004 2
 5 1 7 2 1 1 2004 15
 5 1 8 2 1 1 2004 61
 5 1 9 2 1 1 2004 17
 5 1 10 2 1 1 2004 5
 5 1 11 2 1 1 2004 10
 5 1 12 2 1 1 2004 4
 5 1 14 2 1 1 2004 1
 6 1 6 2 1 1 2004 1
 6 1 7 2 1 1 2004 2
 6 1 8 2 1 1 2004 24
 6 1 9 2 1 1 2004 42
 6 1 10 2 1 1 2004 9
 6 1 11 2 1 1 2004 3
 6 1 12 2 1 1 2004 6
 6 1 13 2 1 1 2004 2
 7 1 7 2 1 1 2004 2
 7 1 8 2 1 1 2004 5
 7 1 9 2 1 1 2004 11
 7 1 10 2 1 1 2004 39
 7 1 11 2 1 1 2004 13
 7 1 12 2 1 1 2004 1
 7 1 14 2 1 1 2004 1
 8 1 8 2 1 1 2004 3
 8 1 9 2 1 1 2004 4
 8 1 10 2 1 1 2004 10
 8 1 11 2 1 1 2004 38
 8 1 12 2 1 1 2004 8
 8 1 13 2 1 1 2004 1
 9 1 9 2 1 1 2004 5
 9 1 10 2 1 1 2004 1
 9 1 11 2 1 1 2004 7
 9 1 12 2 1 1 2004 14
 9 1 13 2 1 1 2004 5
 10 1 10 2 1 1 2004 3
 10 1 12 2 1 1 2004 6
 10 1 13 2 1 1 2004 14
 10 1 14 2 1 1 2004 2
 10 1 17 2 1 1 2004 1
 11 1 11 2 1 1 2004 1
 11 1 13 2 1 1 2004 5
 11 1 14 2 1 1 2004 4
 12 1 12 2 1 1 2004 1
 12 1 14 2 1 1 2004 2
 12 1 15 2 1 1 2004 2
 1 1 1 3 1 1 2004 1
 1 1 7 3 1 1 2004 5
 1 1 9 3 1 1 2004 1
 2 1 7 3 1 1 2004 3
 2 1 8 3 1 1 2004 11
 2 1 9 3 1 1 2004 6
 2 1 10 3 1 1 2004 1
 3 1 6 3 1 1 2004 1
 3 1 7 3 1 1 2004 1
 3 1 8 3 1 1 2004 4
 3 1 9 3 1 1 2004 14
 3 1 10 3 1 1 2004 5
 4 1 7 3 1 1 2004 1
 4 1 8 3 1 1 2004 1
 4 1 9 3 1 1 2004 5
 4 1 10 3 1 1 2004 14
 4 1 11 3 1 1 2004 3
 4 1 12 3 1 1 2004 1
 5 1 7 3 1 1 2004 1
 5 1 8 3 1 1 2004 4
 5 1 9 3 1 1 2004 5
 5 1 10 3 1 1 2004 12
 5 1 11 3 1 1 2004 24
 5 1 12 3 1 1 2004 12
 5 1 13 3 1 1 2004 2
 5 1 14 3 1 1 2004 1
 6 1 6 3 1 1 2004 1
 6 1 8 3 1 1 2004 2
 6 1 9 3 1 1 2004 8
 6 1 10 3 1 1 2004 2
 6 1 11 3 1 1 2004 6
 6 1 12 3 1 1 2004 7
 6 1 13 3 1 1 2004 3
 6 1 14 3 1 1 2004 1
 7 1 8 3 1 1 2004 1
 7 1 9 3 1 1 2004 2
 7 1 10 3 1 1 2004 11
 7 1 11 3 1 1 2004 3
 7 1 13 3 1 1 2004 6
 7 1 14 3 1 1 2004 3
 8 1 10 3 1 1 2004 1
 8 1 11 3 1 1 2004 7
 8 1 12 3 1 1 2004 2
 8 1 14 3 1 1 2004 1
 9 1 11 3 1 1 2004 1
 9 1 12 3 1 1 2004 4
 9 1 13 3 1 1 2004 1
 9 1 15 3 1 1 2004 1
 9 1 16 3 1 1 2004 1
 10 1 13 3 1 1 2004 1
 13 1 15 3 1 1 2004 1
 1 1 10 4 1 1 2004 6
 1 1 11 4 1 1 2004 1
 2 1 8 4 1 1 2004 1
 2 1 10 4 1 1 2004 1
 2 1 11 4 1 1 2004 5
 3 1 8 4 1 1 2004 3
 3 1 9 4 1 1 2004 3
 3 1 10 4 1 1 2004 3
 3 1 11 4 1 1 2004 1
 3 1 12 4 1 1 2004 1
 3 1 14 4 1 1 2004 1
 4 1 9 4 1 1 2004 1
 4 1 10 4 1 1 2004 2
 4 1 12 4 1 1 2004 1
 4 1 14 4 1 1 2004 1
 5 1 8 4 1 1 2004 1
 5 1 10 4 1 1 2004 1
 5 1 11 4 1 1 2004 4
 5 1 12 4 1 1 2004 4
 6 1 11 4 1 1 2004 1
 6 1 12 4 1 1 2004 2
 7 1 10 4 1 1 2004 2
 7 1 12 4 1 1 2004 1
 7 1 14 4 1 1 2004 2
 8 1 14 4 1 1 2004 2
 1 1 10 5 1 1 2004 2
 2 1 11 5 1 1 2004 1
 2 1 12 5 1 1 2004 1
 2 1 16 5 1 1 2004 1
 3 1 11 5 1 1 2004 1
 3 1 13 5 1 1 2004 3
 3 1 14 5 1 1 2004 1
 5 1 14 5 1 1 2004 1
 7 1 13 5 1 1 2004 1
 7 1 14 5 1 1 2004 1
 1 1 8 6 1 1 2004 1
 1 1 9 6 1 1 2004 1
 1 1 11 6 1 1 2004 1
 1 1 12 6 1 1 2004 1
 1 1 13 6 1 1 2004 2
 2 1 11 6 1 1 2004 2
 2 1 14 6 1 1 2004 1
 3 1 9 6 1 1 2004 1
 4 1 10 6 1 1 2004 2

# Environmental data
# Number of series
0
# Year ranges

# Indices
# Index Year Value


## eof
9999
