#_============================================================ #
#                    GMACS main data file 
# 
#_*** 
#_ GMACS Version 2.01.M.01 
#_Last GMACS mofification made by:   ** MV ** 
#_Date of writing the data file: 2024-02-17 16:44:17 
#_*** 
# 
#_Stock of interest:  SNOW_crab 
#_Model name:  model_21_g 
#_Year of assessment:  2021 
#_============================================================ #

#_-------------------------------------- #
##_Model dimensions
#_-------------------------------------- #
#_Start year
1982 
#_End year
2020 
#_Number of seasons
3 
#_Number of fleets
8 
#_Number of sexes
2 
#_Number of shell condition types
1 
#_Number of maturity types
2 
#_Number of size-classes in the	model
22 
#_Season recruitment occurs
3 
#_Season molting and growth occurs
3 
#_Season to calculate SSB
3 
#_Season for N output
1 
#_-------------------------------------- #

#_-------------------------------------- #
##_Size classes definition
#_-------------------------------------- #
#_maximum size-class (males then females)
22 22 
#_size_breaks (a vector giving the break points between size intervals, dim=nclass+1)
25 30 35 40 45 50 55 60 65 70 75 80 85 90 95 100 105 110 115 120 125 130 135 
#_-------------------------------------- #

#_-------------------------------------- #
##_Natural mortality
#_-------------------------------------- #
#_Natural mortality per season input type
##_(1 = vector	by season, 2 = matrix	by season/year)
1 
#_Proportion of the natural mortality to be applied each season
0.62 0.01 0.37 
#_-------------------------------------- #

#_-------------------------------------- #
##_Fishery and survey definition
#_-------------------------------------- #
#_Fishing fleet	names (delimited with a space - no spaces in names)
Pot_Fishery Trawl_Bycatch 
#_Survey names (delimited with a space - no spaces in names)
NMFS_Trawl_1982 NMFS_Trawl_1989 BSFRF_2009 NMFS_2009 BSFRF_2010 NMFS_2010 
#_Are the seasons: 0 = instantaneous or 1 = continuous
1 1 1 
#_-------------------------------------- #

#_-------------------------------------- #
##_Catch data
#_-------------------------------------- #
0 #--input format for catch data (0:old format; 1: new format)
#_Number of catch data frames
4 
#_Number of rows in each data frame
39 39 39 39 

#_************************************** #
#         ** CATCH DATA **
#_Sex: 0 = both; 1 = male; 2 = female
#_Type of catch: 0 = total; 1 = retained; 2 = discard
#_Units of catch: 1 = biomass; 2 = numbers
#_Mult: 1 = use data as they are; 2 = multiply by this number (e.g., lbs to kg)
#_Year_| Season_| Fleet_| Sex_| Obs_| CV_| Type_| Units_| Mult_| Effort_| Discard_mortality ##
#_************************************** #


# ** Males_Retained_Pot_Fishery_Seas2  **
# Year | Season | Fleet | Sex | Obs | CV | Type | Units | Mult | Effort | Discard_mortality
1982 2 1 1 11.8518 0.04 1 1 1 0 1
1983 2 1 1 12.1623 0.04 1 1 1 0 1
1984 2 1 1 29.9369 0.04 1 1 1 0 1
1985 2 1 1 44.4455 0.04 1 1 1 0 1
1986 2 1 1 46.2231 0.04 1 1 1 0 1
1987 2 1 1 61.3965 0.04 1 1 1 0 1
1988 2 1 1 67.7927 0.04 1 1 1 0 1
1989 2 1 1 73.4017 0.04 1 1 1 0 1
1990 2 1 1 149.073 0.04 1 1 1 0 1
1991 2 1 1 143.02 0.04 1 1 1 0 1
1992 2 1 1 104.684 0.04 1 1 1 0 1
1993 2 1 1 67.9378 0.04 1 1 1 0 1
1994 2 1 1 34.1344 0.04 1 1 1 0 1
1995 2 1 1 29.8071 0.04 1 1 1 0 1
1996 2 1 1 54.2244 0.04 1 1 1 0 1
1997 2 1 1 114.392 0.04 1 1 1 0 1
1998 2 1 1 88.0885 0.04 1 1 1 0 1
1999 2 1 1 15.1009 0.04 1 1 1 0 1
2000 2 1 1 11.4562 0.04 1 1 1 0 1
2001 2 1 1 14.8021 0.04 1 1 1 0 1
2002 2 1 1 12.8445 0.04 1 1 1 0 1
2003 2 1 1 10.8602 0.04 1 1 1 0 1
2004 2 1 1 11.291 0.04 1 1 1 0 1
2005 2 1 1 16.7712 0.04 1 1 1 0 1
2006 2 1 1 16.4908 0.04 1 1 1 0 1
2007 2 1 1 28.592 0.04 1 1 1 0 1
2008 2 1 1 26.5571 0.04 1 1 1 0 1
2009 2 1 1 21.779 0.04 1 1 1 0 1
2010 2 1 1 24.6136 0.04 1 1 1 0 1
2011 2 1 1 40.2933 0.04 1 1 1 0 1
2012 2 1 1 30.0529 0.04 1 1 1 0 1
2013 2 1 1 24.4867 0.04 1 1 1 0 1
2014 2 1 1 30.8181 0.04 1 1 1 0 1
2015 2 1 1 18.4212 0.04 1 1 1 0 1
2016 2 1 1 9.67089 0.04 1 1 1 0 1
2017 2 1 1 8.60177 0.04 1 1 1 0 1
2018 2 1 1 12.5094 0.04 1 1 1 0 1
2019 2 1 1 15.4334 0.04 1 1 1 0 1
2020 2 1 1 20.4124 0.04 1 1 1 0 1

# ** Males_Discard_Pot_Fishery_Seas2  **
# Year | Season | Fleet | Sex | Obs | CV | Type | Units | Mult | Effort | Discard_mortality
1982 2 1 1 1.2665 0.07 2 1 1 0 1
1983 2 1 1 1.23826 0.07 2 1 1 0 1
1984 2 1 1 2.75873 0.07 2 1 1 0 1
1985 2 1 1 4.01467 0.07 2 1 1 0 1
1986 2 1 1 4.24531 0.07 2 1 1 0 1
1987 2 1 1 5.52241 0.07 2 1 1 0 1
1988 2 1 1 5.81669 0.07 2 1 1 0 1
1989 2 1 1 6.68474 0.07 2 1 1 0 1
1990 2 1 1 15.2104 0.07 2 1 1 0 1
1991 2 1 1 12.0007 0.07 2 1 1 0 1
1992 2 1 1 17.0594 0.07 2 1 1 0 1
1993 2 1 1 5.32105 0.07 2 1 1 0 1
1994 2 1 1 4.03107 0.07 2 1 1 0 1
1995 2 1 1 5.75369 0.07 2 1 1 0 1
1996 2 1 1 7.43796 0.07 2 1 1 0 1
1997 2 1 1 5.73442 0.07 2 1 1 0 1
1998 2 1 1 4.66529 0.07 2 1 1 0 1
1999 2 1 1 0.51769 0.07 2 1 1 0 1
2000 2 1 1 0.61915 0.07 2 1 1 0 1
2001 2 1 1 1.88619 0.07 2 1 1 0 1
2002 2 1 1 1.47237 0.07 2 1 1 0 1
2003 2 1 1 0.57274 0.07 2 1 1 0 1
2004 2 1 1 0.50851 0.07 2 1 1 0 1
2005 2 1 1 1.35931 0.07 2 1 1 0 1
2006 2 1 1 1.77529 0.07 2 1 1 0 1
2007 2 1 1 2.53489 0.07 2 1 1 0 1
2008 2 1 1 2.06014 0.07 2 1 1 0 1
2009 2 1 1 1.22884 0.07 2 1 1 0 1
2010 2 1 1 0.61629 0.07 2 1 1 0 1
2011 2 1 1 1.68996 0.07 2 1 1 0 1
2012 2 1 1 2.32367 0.07 2 1 1 0 1
2013 2 1 1 3.27274 0.07 2 1 1 0 1
2014 2 1 1 3.52222 0.07 2 1 1 0 1
2015 2 1 1 2.955 0.07 2 1 1 0 1
2016 2 1 1 1.3119 0.07 2 1 1 0 1
2017 2 1 1 1.93176 0.07 2 1 1 0 1
2018 2 1 1 2.86297 0.07 2 1 1 0 1
2019 2 1 1 5.07027 0.07 2 1 1 0 1
2020 2 1 1 5.79557 0.07 2 1 1 0 1

# ** Females_Discard_Pot_Fishery_Seas2  **
# Year | Season | Fleet | Sex | Obs | CV | Type | Units | Mult | Effort | Discard_mortality
1982 2 1 2 0.015556 0.07 2 1 1 0 1
1983 2 1 2 0.0108887 0.07 2 1 1 0 1
1984 2 1 2 0.010782 0.07 2 1 1 0 1
1985 2 1 2 0.0108527 0.07 2 1 1 0 1
1986 2 1 2 0.0239127 0.07 2 1 1 0 1
1987 2 1 2 0.0345783 0.07 2 1 1 0 1
1988 2 1 2 0.0367518 0.07 2 1 1 0 1
1989 2 1 2 0.0477847 0.07 2 1 1 0 1
1990 2 1 2 0.0509047 0.07 2 1 1 0 1
1991 2 1 2 0.058299 0.07 2 1 1 0 1
1992 2 1 2 0.119838 0.07 2 1 1 0 1
1993 2 1 2 0.0800336 0.07 2 1 1 0 1
1994 2 1 2 0.0577576 0.07 2 1 1 0 1
1995 2 1 2 0.0156582 0.07 2 1 1 0 1
1996 2 1 2 0.0691276 0.07 2 1 1 0 1
1997 2 1 2 0.00539956 0.07 2 1 1 0 1
1998 2 1 2 0.00652564 0.07 2 1 1 0 1
1999 2 1 2 0.000398846 0.07 2 1 1 0 1
2000 2 1 2 0.000419268 0.07 2 1 1 0 1
2001 2 1 2 0.000419268 0.07 2 1 1 0 1
2002 2 1 2 0.00424435 0.07 2 1 1 0 1
2003 2 1 2 0.000623222 0.07 2 1 1 0 1
2004 2 1 2 0.000623222 0.07 2 1 1 0 1
2005 2 1 2 0.00234871 0.07 2 1 1 0 1
2006 2 1 2 0.000740955 0.07 2 1 1 0 1
2007 2 1 2 0.0106352 0.07 2 1 1 0 1
2008 2 1 2 0.00819622 0.07 2 1 1 0 1
2009 2 1 2 0.00726154 0.07 2 1 1 0 1
2010 2 1 2 0.00604923 0.07 2 1 1 0 1
2011 2 1 2 0.17645 0.07 2 1 1 0 1
2012 2 1 2 0.0276122 0.07 2 1 1 0 1
2013 2 1 2 0.0651188 0.07 2 1 1 0 1
2014 2 1 2 0.168694 0.07 2 1 1 0 1
2015 2 1 2 0.0686591 0.07 2 1 1 0 1
2016 2 1 2 0.0189331 0.07 2 1 1 0 1
2017 2 1 2 0.0181628 0.07 2 1 1 0 1
2018 2 1 2 0.0192255 0.07 2 1 1 0 1
2019 2 1 2 0.0161846 0.07 2 1 1 0 1
2020 2 1 2 0.000744 0.07 2 1 1 0 1

# ** Both_Discard_Trawl_Bycatch_Seas2  **
# Year | Season | Fleet | Sex | Obs | CV | Type | Units | Mult | Effort | Discard_mortality
1982 2 2 0 0.367285 0.2 2 1 1 0 1
1983 2 2 0 0.473323 0.2 2 1 1 0 1
1984 2 2 0 0.502882 0.2 2 1 1 0 1
1985 2 2 0 0.431674 0.2 2 1 1 0 1
1986 2 2 0 4.31e-05 0.2 2 1 1 0 1
1987 2 2 0 0.002804 0.2 2 1 1 0 1
1988 2 2 0 0.001931 0.2 2 1 1 0 1
1989 2 2 0 0.100212 0.1 2 1 1 0 1
1990 2 2 0 0.708383 0.1 2 1 1 0 1
1991 2 2 0 1.50323 0.1 2 1 1 0 1
1992 2 2 0 2.28349 0.1 2 1 1 0 1
1993 2 2 0 1.57242 0.1 2 1 1 0 1
1994 2 2 0 2.66952 0.1 2 1 1 0 1
1995 2 2 0 1.01257 0.1 2 1 1 0 1
1996 2 2 0 0.66498 0.1 2 1 1 0 1
1997 2 2 0 0.82108 0.1 2 1 1 0 1
1998 2 2 0 0.538527 0.1 2 1 1 0 1
1999 2 2 0 0.474335 0.1 2 1 1 0 1
2000 2 2 0 0.411285 0.1 2 1 1 0 1
2001 2 2 0 0.305451 0.1 2 1 1 0 1
2002 2 2 0 0.170231 0.1 2 1 1 0 1
2003 2 2 0 0.460629 0.1 2 1 1 0 1
2004 2 2 0 0.632716 0.1 2 1 1 0 1
2005 2 2 0 0.202814 0.1 2 1 1 0 1
2006 2 2 0 0.41606 0.1 2 1 1 0 1
2007 2 2 0 0.183532 0.1 2 1 1 0 1
2008 2 2 0 0.182103 0.1 2 1 1 0 1
2009 2 2 0 0.472613 0.1 2 1 1 0 1
2010 2 2 0 0.140577 0.1 2 1 1 0 1
2011 2 2 0 0.15079 0.1 2 1 1 0 1
2012 2 2 0 0.215381 0.1 2 1 1 0 1
2013 2 2 0 0.109951 0.1 2 1 1 0 1
2014 2 2 0 0.131403 0.1 2 1 1 0 1
2015 2 2 0 0.125312 0.1 2 1 1 0 1
2016 2 2 0 0.058278 0.1 2 1 1 0 1
2017 2 2 0 0.043184 0.1 2 1 1 0 1
2018 2 2 0 0.229956 0.1 2 1 1 0 1
2019 2 2 0 0.23697 0.1 2 1 1 0 1
2020 2 2 0 0.066747 0.1 2 1 1 0 1
#_-------------------------------------- #

#_-------------------------------------- #
##_Relative abundance data
#_-------------------------------------- #
0 #--input format for relative abundance data (0:old format; 1: new format)
#_Number of relative abundance indices
6 
#_Index Type (1 = Selectivity; 2 = Selectivity + retention)
1 1 1 1 1 1 
#_Number of rows in each data frame of index data
86 

#_************************************** #
#    ** RELATIVE ABUNDANCE	DATA **       #
#_Index: One q is estimated for each index (the number of index values should match nSurveys)
#_Sex: 0 = both; 1 = male; 2 = female
#_Maturity: 0 = both; 1 = mature; 2 = immature
#_Units of survey: 1 = biomass; 2 = numbers
#_Index_| Year_| Season_| Fleet_| Sex_| Maturity_| Obs_| CV_| Units_| CPUE_time ##
#_************************************** #

# ** NMFS_Trawl_1982  ** #
# Index | Year | Season | Fleet | Sex | Maturity | Obs | CV | Units | CPUE_time
1 1982 1 3 2 1 144.395 0.153 1 0
1 1983 1 3 2 1 90.1343 0.197 1 0
1 1984 1 3 2 1 42.316 0.194 1 0
1 1985 1 3 2 1 6.1218 0.199 1 0
1 1986 1 3 2 1 15.7424 0.183 1 0
1 1987 1 3 2 1 122.592 0.16 1 0
1 1988 1 3 2 1 169.954 0.168 1 0
3 1982 1 3 1 1 176.797 0.138 1 0
3 1983 1 3 1 1 161.618 0.126 1 0
3 1984 1 3 1 1 177.691 0.118 1 0
3 1985 1 3 1 1 71.837 0.106 1 0
3 1986 1 3 1 1 89.8051 0.112 1 0
3 1987 1 3 1 1 194.578 0.107 1 0
3 1988 1 3 1 1 259.439 0.149 1 0

# ** NMFS_Trawl_1989  ** #
# Index | Year | Season | Fleet | Sex | Maturity | Obs | CV | Units | CPUE_time
2 1989 1 4 2 1 264.231 0.254 1 0
2 1990 1 4 2 1 182.879 0.186 1 0
2 1991 1 4 2 1 214.924 0.191 1 0
2 1992 1 4 2 1 131.436 0.185 1 0
2 1993 1 4 2 1 132.11 0.158 1 0
2 1994 1 4 2 1 126.234 0.153 1 0
2 1995 1 4 2 1 168.677 0.141 1 0
2 1996 1 4 2 1 107.315 0.14 1 0
2 1997 1 4 2 1 103.775 0.196 1 0
2 1998 1 4 2 1 72.7295 0.253 1 0
2 1999 1 4 2 1 30.8892 0.21 1 0
2 2000 1 4 2 1 96.4577 0.517 1 0
2 2001 1 4 2 1 77.2373 0.283 1 0
2 2002 1 4 2 1 30.2215 0.276 1 0
2 2003 1 4 2 1 41.7109 0.311 1 0
2 2004 1 4 2 1 50.155 0.265 1 0
2 2005 1 4 2 1 64.8537 0.172 1 0
2 2006 1 4 2 1 51.9282 0.175 1 0
2 2007 1 4 2 1 55.8924 0.223 1 0
2 2008 1 4 2 1 57.1508 0.191 1 0
2 2009 1 4 2 1 52.1622 0.206 1 0
2 2010 1 4 2 1 98.0135 0.175 1 0
2 2011 1 4 2 1 175.838 0.178 1 0
2 2012 1 4 2 1 149.423 0.197 1 0
2 2013 1 4 2 1 131.415 0.175 1 0
2 2014 1 4 2 1 119.716 0.188 1 0
2 2015 1 4 2 1 85.1268 0.167 1 0
2 2016 1 4 2 1 55.3853 0.206 1 0
2 2017 1 4 2 1 106.847 0.208 1 0
2 2018 1 4 2 1 165.895 0.18 1 0
2 2019 1 4 2 1 110.429 0.205 1 0
2 2021 1 4 2 1 31.6629 0.43 1 0
4 1989 1 4 1 1 299.223 0.107 1 0
4 1990 1 4 1 1 443.789 0.139 1 0
4 1991 1 4 1 1 466.607 0.147 1 0
4 1992 1 4 1 1 235.515 0.094 1 0
4 1993 1 4 1 1 183.876 0.105 1 0
4 1994 1 4 1 1 171.326 0.084 1 0
4 1995 1 4 1 1 220.466 0.127 1 0
4 1996 1 4 1 1 288.408 0.125 1 0
4 1997 1 4 1 1 326.752 0.095 1 0
4 1998 1 4 1 1 206.382 0.09 1 0
4 1999 1 4 1 1 95.8489 0.09 1 0
4 2000 1 4 1 1 96.3889 0.136 1 0
4 2001 1 4 1 1 136.5 0.116 1 0
4 2002 1 4 1 1 93.1737 0.227 1 0
4 2003 1 4 1 1 79.0687 0.119 1 0
4 2004 1 4 1 1 79.5727 0.138 1 0
4 2005 1 4 1 1 123.509 0.113 1 0
4 2006 1 4 1 1 139.268 0.26 1 0
4 2007 1 4 1 1 153.115 0.147 1 0
4 2008 1 4 1 1 141.962 0.102 1 0
4 2009 1 4 1 1 148.189 0.128 1 0
4 2010 1 4 1 1 162.827 0.122 1 0
4 2011 1 4 1 1 167.07 0.114 1 0
4 2012 1 4 1 1 122.255 0.119 1 0
4 2013 1 4 1 1 97.4605 0.118 1 0
4 2014 1 4 1 1 163.467 0.164 1 0
4 2015 1 4 1 1 80.0362 0.118 1 0
4 2016 1 4 1 1 63.2106 0.108 1 0
4 2017 1 4 1 1 83.9572 0.131 1 0
4 2018 1 4 1 1 198.384 0.17 1 0
4 2019 1 4 1 1 169.108 0.172 1 0
4 2021 1 4 1 1 62.2462 0.13 1 0

# ** BSFRF_2009  ** #
# Index | Year | Season | Fleet | Sex | Maturity | Obs | CV | Units | CPUE_time
5 2009 1 5 2 1 8.01001 1.64 1 0
5 2009 1 5 1 1 68.4855 0.46 1 0

# ** NMFS_2009  ** #
# Index | Year | Season | Fleet | Sex | Maturity | Obs | CV | Units | CPUE_time
2 2009 1 6 2 1 7.88725 1.79 1 0
4 2009 1 6 1 1 32.2487 0.32 1 0

# ** BSFRF_2010  ** #
# Index | Year | Season | Fleet | Sex | Maturity | Obs | CV | Units | CPUE_time
6 2010 1 7 2 1 187.588 0.1 1 0
6 2010 1 7 1 1 194.058 0.1 1 0

# ** NMFS_2010  ** #
# Index | Year | Season | Fleet | Sex | Maturity | Obs | CV | Units | CPUE_time
2 2010 1 8 2 1 61.3995 0.1 1 0
4 2010 1 8 1 1 78.0273 0.1 1 0
#_-------------------------------------- #

#_-------------------------------------- #
##_Size composition for all fleets
#_-------------------------------------- #
0 #--input format for size comps (0:old format; 1: new format)
#_Number of size frequency matrices
17 
#_Number of rows in each size frequency matrix
39 29 26 30 30 7 32 7 32 7 32 7 32 2 2 2 2 
#_Number of bins in each length frequency matrix
# (i.e., number of columns in each data frame
22 22 22 22 22 22 22 22 22 22 22 22 22 22 22 22 22 
#_************************************** #
#      ** SIZE COMPOSITION DATA **       #
#_Sex: 0 = both; 1 = male; 2 = female
#_Type of catch: 0 = total; 1 = retained; 2 = discard
#_Shell: 0 = both; 1 = new shell; 2 = old shell
#_Maturity: 0 = both; 1 = mature; 2 = immature
#_Nsamp: the stage-1 effective sample size (this can be modified in the .CTL file)
#_Year_| Season_| Fleet_| Sex_| Type_| Shell_| Maturity_| Nsamp_| Data Vector ##
#_************************************** #

# ** Males_BothMat_Retained_Pot_Fishery_Seas2  ** #
# Year | Season | Fleet | Sex | Type | Shell | Maturity | Nsamp | Data Vector
1982 2 1 1 1 0 0 100 0 0 0 0 0 0 0 0 0 0.000194628 0.000389257 0.000973141 0.003697937 0.01985206 0.1329311 0.3435186 0.2763725 0.1405216 0.05663681 0.01848965 0.004865703 0.001557026
1983 2 1 1 1 0 0 100 0 0 0 0 0 0 0 0 0 0 0.000238284 0.00039714 0.00127085 0.00833996 0.0518665 0.1884829 0.2749805 0.2584595 0.1475775 0.05409058 0.01199365 0.002303416
1984 2 1 1 1 0 0 100 0 0 0 0 0 0 0 6.74e-05 0 0.000202265 0.000134844 0.001685545 0.005326318 0.02117045 0.068568 0.1681495 0.2284249 0.2343583 0.1687563 0.0788161 0.02009168 0.00424758
1985 2 1 1 1 0 0 100 0 0 0 0 0 0 0 0 0 5.2e-05 0.000311705 0.00135072 0.00493532 0.02613126 0.09081 0.1857234 0.22105 0.2136211 0.149203 0.0753285 0.02576755 0.00571458
1986 2 1 1 1 0 0 100 0 0 0 0 0 0 0 0 0 0 0 0.001191021 0.00458085 0.03041682 0.100962 0.166193 0.2188732 0.2183231 0.1511677 0.0790655 0.02382047 0.00540541
1987 2 1 1 1 0 0 100 0 0 0 0 0 0 0 0 0 0 0 0.002413513 0.010324468 0.01863771 0.0754894 0.1863766 0.2288815 0.2153393 0.1543311 0.0821936 0.02252612 0.003486185
1988 2 1 1 1 0 0 100 0 0 0 0 0 0 0 0 0 0 0 0.00274904 0.00655697 0.02184975 0.0728395 0.1607883 0.2005376 0.2102102 0.1661033 0.1072941 0.041256 0.00981511
1989 2 1 1 1 0 0 100 0 0 0 0 0 0 0 6.23e-05 0.000218007 0.000342583 0.001463768 0.002616093 0.006882809 0.026129722 0.08770124 0.19701647 0.21859907 0.17951344 0.14366726 0.08944532 0.035753259 0.010588944
1990 2 1 1 1 0 0 100 0 0 0 0 0 0 0 5.15e-05 0.000103034 0.000103034 0.000231828 0.001133378 0.002910724 0.01586732 0.06279941 0.1744109 0.2589513 0.22495006 0.1528253 0.07802274 0.023311551 0.00432744
1991 2 1 1 1 0 0 100 0 0 0 0 0 0 0 8.63e-06 6.04e-05 0.00044891 0.00164457 0.004307819 0.008853038 0.02823387 0.09598057 0.2194569 0.2354923 0.1873771 0.12119732 0.06490647 0.02451313 0.007519251
1992 2 1 1 1 0 0 100 0 0 0 0 0 0 0 4.39e-05 2.39e-05 0.000159625 0.000706339 0.002498121 0.006520659 0.01686039 0.04560471 0.1193354 0.1895703 0.2408261 0.206191 0.11916401 0.0408958 0.011600738
1993 2 1 1 1 0 0 100 0 0 0 0 0 0 0 1.16e-05 8.67e-05 0.000392866 0.001230595 0.003582011 0.007140915 0.02004771 0.06094621 0.1506876 0.2116684 0.2207442 0.1743752 0.10031945 0.03753603 0.01123135
1994 2 1 1 1 0 0 100 0 0 0 0 0 0 0 1.92e-05 8.66e-05 0.000875303 0.003049135 0.007550693 0.013062235 0.03589706 0.09653342 0.1772922 0.2024356 0.1859587 0.1414533 0.08755915 0.03620487 0.012023422
1995 2 1 1 1 0 0 100 0 0 0 0 0 0 0 4.12e-05 0.000164675 0.000566071 0.002181944 0.007008981 0.01779523 0.04186866 0.1066478 0.1942345 0.212534 0.1875756 0.1290539 0.0694723 0.02375439 0.00710162
1996 2 1 1 1 0 0 100 0 0 0 0 0 0 0 0 3.92e-05 0.000101795 0.000501144 0.001667866 0.005426437 0.021995534 0.09553046 0.25378234 0.26240355 0.18853199 0.10470758 0.04646536 0.01499511 0.003852541
1997 2 1 1 1 0 0 100 0 0 0 0 0 0 0 5.79e-06 2.32e-05 0.00013322 0.00034753 0.000648722 0.001905626 0.007599317 0.04340065 0.15892557 0.24448163 0.24362449 0.16989594 0.08586883 0.033021099 0.010118883
1998 2 1 1 1 0 0 100 0 0 0 0 0 0 0 2.04e-05 2.72e-05 8.84e-05 0.000217505 0.000672906 0.001896371 0.009175992 0.04698112 0.16115777 0.24642648 0.24868972 0.17474506 0.08030698 0.024047925 0.005546384
1999 2 1 1 1 0 0 100 0 0 0 0 0 0 0 0.000115662 0.00019277 0.000154216 0.000462608 0.001117987 0.001464934 0.00713185 0.03777944 0.1369695 0.2209718 0.26087113 0.19568198 0.10269848 0.02725523 0.007131857
2000 2 1 1 1 0 0 100 0 0 0 0 0 0 0 0 0 0.000111771 0.00059606 0.00145297 0.003502005 0.007413731 0.02917074 0.1106102 0.1888829 0.2416361 0.2240517 0.13475139 0.0454884 0.012331374
2001 2 1 1 1 0 0 100 0 0 0 0 0 0 3.54e-05 0 0.000106259 0.000247911 0.00081452 0.001841482 0.004037127 0.01274875 0.05209288 0.1786244 0.2222889 0.2148166 0.1694528 0.0986614 0.0357674 0.00846377
2002 2 1 1 1 0 0 100 0 0 0 0 0 0 0 0 0 0.000133109 0.000843021 0.002351588 0.00732097 0.02342715 0.0932647 0.2515753 0.2647083 0.1867517 0.1094596 0.0448576 0.01237909 0.00292839
2003 2 1 1 1 0 0 100 0 0 0 0 0 0 0 4.53e-05 0.000135943 0.000181258 0.000362516 0.000543774 0.001721951 0.00783941 0.04332066 0.1635401 0.2471451 0.2466923 0.1736453 0.0826989 0.0265543 0.005573685
2004 2 1 1 1 0 0 100 0 0 0 0 0 0 0 5.96e-05 5.96e-05 0.000357313 0.000595522 0.001191044 0.002858507 0.009409238 0.03400433 0.1037399 0.1752023 0.2204624 0.2190924 0.1505477 0.0653883 0.017031922
2005 2 1 1 1 0 0 100 0 0 0 0 0 0 0 0 0 0 0.000330754 0.000236253 0.000330754 0.000507944 0.003260292 0.09551709 0.1702088 0.2282795 0.2348474 0.1664052 0.0746678 0.02540903
2006 2 1 1 1 0 0 100 0 0 0 0 0 0 0 0 0 0 9.68e-06 8.71e-05 0.000193575 0.000261327 0.000871089 0.23982037 0.3782075 0.2259125 0.0880768 0.0415799 0.0180896 0.00689128
2007 2 1 1 1 0 0 100 0 0 0 0 0 0 0 0 0 0 0 0 0 1.9935e-05 0.000777465 0.2282624 0.3459186 0.2409614 0.11564253 0.05050204 0.01456589 0.003349085
2008 2 1 1 1 0 0 100 0 0 0 0 0 0 0 0 0 0 0 0 1.48e-05 5.18e-05 0.000836956 0.2140314 0.3201024 0.2421985 0.13306147 0.06469005 0.02092393 0.004088491
2009 2 1 1 1 0 0 100 0 0 0 0 0 0 0 0 0 0 0 0 0 3.32e-05 9.14e-05 0.12975046 0.242029 0.2383311 0.20556687 0.12551958 0.04709265 0.011586184
2010 2 1 1 1 0 0 100 0 0 0 0 0 0 0 0 0 0 0 0 0 0 4.23e-05 0.07396027 0.17169453 0.23428185 0.25903662 0.17872381 0.06618067 0.016079384
2011 2 1 1 1 0 0 100 0 0 0 0 0 0 0 0 1.71e-05 0 0.000188038 0.000529924 0.00116241 0.002119697 0.012376244 0.06553954 0.1421047 0.2175424 0.2559364 0.1942765 0.08312959 0.02507738
2012 2 1 1 1 0 0 100 0 0 0 0 0 0 0 0 2.16e-05 0 6.48e-05 0.000280596 0.000798619 0.003496659 0.02577164 0.12439049 0.2012736 0.2148499 0.2035398 0.144507 0.06088926 0.02011651
2013 2 1 1 1 0 0 100 0 0 0 0 0 0 0 0 0 5.13e-05 0.000128166 0.000128166 0.000974059 0.007126016 0.06300626 0.21834305 0.2590225 0.1983752 0.1289861 0.07969343 0.03355377 0.010612117
2014 2 1 1 1 0 0 100 0 0 0 0 0 0 0 2.19e-05 2.19e-05 2.19e-05 2.19e-05 0.000350263 0.00061296 0.00442207 0.04001753 0.2035682 0.2926005 0.2274296 0.1270362 0.06696588 0.02784588 0.00906305
2015 2 1 1 1 0 0 100 0 0 0 0 0 0 0 0 0 0.000172921 0.000518762 0.000691683 0.000172921 0.00190213 0.02213387 0.1201802 0.2030092 0.1845063 0.172748 0.14923043 0.10236906 0.04236554
2016 2 1 1 1 0 0 100 0 0 0 0 0 0 0 0 0 0.000255363 0 0 0.000766088 0.0020429 0.01762004 0.127681 0.2372316 0.2150155 0.1762003 0.1399391 0.0832482 0
2017 2 1 1 1 0 0 100 0 0 0 0 0 0 0 0 0.000331675 0 0 0 0.000331675 0.003648425 0.0315091 0.2437815 0.288225 0.2271969 0.1217247 0.0623548 0.0169154 0.00398009
2018 2 1 1 1 0 0 100 0 0 0 0 0 0 9.09e-05 0 0 0.000227242 0.00054538 0.00109076 0.001727037 0.00740808 0.0881698 0.262419 0.261283 0.1818385 0.1093941 0.0553106 0.02313321 0.00736264
2019 2 1 1 1 0 0 100 0 0 0 0 0 0 0 0 0 9.65686e-05 0.000128758 0.000450653 0.001223202 0.015547544 0.140185412 0.305575227 0.24895384 0.14234211 0.076643276 0.040075967 0.019603425 0.009174017
2020 2 1 1 1 0 0 100 0 0 0 0 0 0 0 0 0 8.72982e-05 0.000174596 0.000392841 0.001091228 0.01117416 0 0.350851 0.3250979 0.1878216 0.0805325 0.0300306 0.00995198 0.002793536

# ** Males_BothMat_Total_Pot_Fishery_Seas2  ** #
# Year | Season | Fleet | Sex | Type | Shell | Maturity | Nsamp | Data Vector
1992 2 1 1 0 0 0 100 0 0 0 0 0 0 0 0 0 0.01 0.01 0.02 0.04 0.06 0.08 0.13 0.15 0.19 0.16 0.1 0.03 0.01
1993 2 1 1 0 0 0 100 0 0 0 0 0 0 0 0 0 0 0 0.02 0.03 0.04 0.08 0.15 0.2 0.19 0.15 0.09 0.03 0.01
1994 2 1 1 0 0 0 100 0 0 0 0 0 0 0 0 0 0.02 0.03 0.04 0.04 0.06 0.1 0.15 0.17 0.15 0.12 0.07 0.03 0.01
1995 2 1 1 0 0 0 100 0 0 0 0 0 0 0 0 0 0.01 0.02 0.04 0.06 0.08 0.11 0.17 0.17 0.15 0.1 0.06 0.02 0.01
1996 2 1 1 0 0 0 100 0 0 0 0 0 0 0 0 0 0 0.01 0.02 0.03 0.07 0.13 0.23 0.21 0.15 0.09 0.04 0.01 0
1997 2 1 1 0 0 0 100 0 0 0 0 0 0 0 0 0 0 0 0 0.01 0.02 0.07 0.16 0.23 0.23 0.16 0.08 0.03 0.01
1998 2 1 1 0 0 0 100 0 0 0 0 0 0 0 0 0 0 0 0 0.01 0.03 0.07 0.16 0.23 0.23 0.16 0.07 0.02 0.01
1999 2 1 1 0 0 0 100 0 0 0 0 0 0 0 0 0 0 0 0 0.01 0.02 0.06 0.13 0.21 0.25 0.19 0.1 0.03 0.01
2000 2 1 1 0 0 0 100 0 0 0 0 0 0 0 0 0 0 0 0.01 0.01 0.02 0.05 0.11 0.18 0.23 0.21 0.13 0.04 0.01
2001 2 1 1 0 0 0 100 0 0 0 0 0 0 0 0 0 0 0.01 0.01 0.02 0.04 0.08 0.17 0.2 0.19 0.15 0.09 0.03 0.01
2002 2 1 1 0 0 0 100 0 0 0 0 0 0 0 0 0 0 0.01 0.02 0.03 0.05 0.12 0.23 0.23 0.16 0.09 0.04 0.01 0
2003 2 1 1 0 0 0 100 0 0 0 0 0 0 0 0 0 0 0 0 0.01 0.02 0.06 0.16 0.23 0.23 0.16 0.08 0.02 0.01
2004 2 1 1 0 0 0 100 0 0 0 0 0 0 0 0 0 0.01 0.01 0.01 0.01 0.03 0.05 0.1 0.16 0.2 0.2 0.14 0.06 0.02
2005 2 1 1 0 0 0 100 0 0 0 0 0 0 0 0 0 0 0.01 0.01 0.02 0.02 0.03 0.1 0.16 0.21 0.21 0.15 0.07 0.02
2006 2 1 1 0 0 0 100 0 0 0 0 0 0 0 0 0 0 0.01 0.01 0.02 0.03 0.04 0.23 0.33 0.2 0.08 0.04 0.02 0.01
2007 2 1 1 0 0 0 100 0 0 0 0 0 0 0 0 0 0 0 0.01 0.01 0.02 0.04 0.22 0.31 0.22 0.1 0.05 0.01 0
2008 2 1 1 0 0 0 100 0 0 0 0 0 0 0 0 0 0 0 0 0.01 0.02 0.04 0.21 0.29 0.22 0.12 0.06 0.02 0
2009 2 1 1 0 0 0 100 0 0 0 0 0 0 0 0 0 0 0 0 0.01 0.01 0.03 0.14 0.22 0.22 0.19 0.12 0.04 0.01
2010 2 1 1 0 0 0 100 0 0 0 0 0 0 0 0 0 0 0 0 0 0 0.01 0.08 0.17 0.23 0.25 0.17 0.06 0.02
2011 2 1 1 0 0 0 100 0 0 0 0 0 0 0 0 0 0 0 0 0 0.01 0.04 0.08 0.14 0.21 0.24 0.18 0.08 0.02
2012 2 1 1 0 0 0 100 0 0 0 0 0 0 0 0 0 0 0 0.01 0.01 0.02 0.05 0.13 0.18 0.2 0.19 0.13 0.06 0.02
2013 2 1 1 0 0 0 100 0 0 0 0 0 0 0 0 0 0 0.01 0.02 0.03 0.06 0.11 0.18 0.21 0.16 0.1 0.06 0.03 0.01
2014 2 1 1 0 0 0 100 0 0 0 0 0 0 0 0 0 0 0.01 0.02 0.02 0.03 0.08 0.2 0.25 0.19 0.11 0.06 0.02 0.01
2015 2 1 1 0 0 0 100 0 0 0 0 0 0 0 0 0 0 0.01 0.02 0.02 0.04 0.08 0.13 0.17 0.15 0.14 0.12 0.08 0.03
2016 2 1 1 0 0 0 100 0 0 0 0 0 0 0 0 0 0 0.01 0.01 0.02 0.03 0.07 0.13 0.2 0.18 0.15 0.12 0.07 0
2017 2 1 1 0 0 0 100 0 0 0 0 0 0 0 0 0 0 0.01 0.02 0.03 0.05 0.1 0.22 0.22 0.17 0.09 0.05 0.01 0
2018 2 1 1 0 0 0 100 0 0 0 0 0 0 0 0 0 0.01 0.02 0.03 0.04 0.06 0.13 0.24 0.2 0.13 0.08 0.04 0.02 0.01
2019 2 1 1 0 0 0 100 0 0 0 0 0 0 0 0.001 0.002 0.007 0.021 0.053 0.095 0.162 0.25 0.209 0.095 0.052 0.028 0.015 0.007 0.003
2020 2 1 1 0 0 0 100 0 0 0 0 0 0 0 2e-04 0.0011 0.005 0.0132 0.0319 0.0578 0.1057 0.1183 0.237 0.2196 0.1269 0.0544 0.0203 0.0067 0.0019

# ** Females_BothMat_Discard_Pot_Fishery_Seas2  ** #
# Year | Season | Fleet | Sex | Type | Shell | Maturity | Nsamp | Data Vector
1995 2 1 2 2 0 0 100 0 0 0 0 0.00277778 0.0277778 0.105556 0.186111 0.216667 0.241667 0.0916667 0.0277778 0.0333333 0.0666667 0 0 0 0 0 0 0 0
1996 2 1 2 2 0 0 100 0 0 0 0 0.00769231 0.0230769 0.123077 0.176923 0.315385 0.184615 0.0846154 0.0615385 0.0230769 0 0 0 0 0 0 0 0 0
1997 2 1 2 2 0 0 100 0 0 0 0 0.0017301 0.0017301 0.108997 0.243945 0.297578 0.271626 0.0553633 0.00519031 0.0138408 0 0 0 0 0 0 0 0 0
1998 2 1 2 2 0 0 100 0 0 0.0125 0 0 0.0375 0.125 0.2375 0.25 0.275 0.0375 0.025 0 0 0 0 0 0 0 0 0 0
1999 2 1 2 2 0 0 100 0 0 0 0.0140845 0.0422535 0.084507 0.253521 0.309859 0.28169 0.0140845 0 0 0 0 0 0 0 0 0 0 0 0
2000 2 1 2 2 0 0 100 0 0 0 0.0140845 0.0422535 0.084507 0.253521 0.309859 0.28169 0.0140845 0 0 0 0 0 0 0 0 0 0 0 0
2001 2 1 2 2 0 0 100 0 0 0 0.0140845 0.0422535 0.084507 0.253521 0.309859 0.28169 0.0140845 0 0 0 0 0 0 0 0 0 0 0 0
2002 2 1 2 2 0 0 100 0 0 0 0 0 0.0322581 0.193548 0.274194 0.354839 0.112903 0.0322581 0 0 0 0 0 0 0 0 0 0 0
2003 2 1 2 2 0 0 100 0 0 0 0 0 0.0322581 0.193548 0.274194 0.354839 0.112903 0.0322581 0 0 0 0 0 0 0 0 0 0 0
2004 2 1 2 2 0 0 100 0 0 0 0 0 0.222222 0.222222 0.111111 0.222222 0 0.111111 0 0 0.111111 0 0 0 0 0 0 0 0
2005 2 1 2 2 0 0 100 0 0 0 0 0 0.0629921 0.259843 0.291339 0.228346 0.0787402 0.0708661 0.00787402 0 0 0 0 0 0 0 0 0 0
2006 2 1 2 2 0 0 100 0 0 0 0 0 0 0.0350877 0.140351 0.333333 0.263158 0.157895 0.0175439 0.0526316 0 0 0 0 0 0 0 0 0
2007 2 1 2 2 0 0 100 0 0 0 0 0 0 0.0109589 0.205479 0.257534 0.30411 0.134247 0.0383562 0.0328767 0.0109589 0.00273973 0.00273973 0 0 0 0 0 0
2008 2 1 2 2 0 0 100 0 0 0 0 0 0 0.021692 0.164859 0.264642 0.368764 0.160521 0.0130152 0.00433839 0.0021692 0 0 0 0 0 0 0 0
2009 2 1 2 2 0 0 100 0 0 0 0 0 0.00406504 0.00406504 0.0934959 0.321138 0.386179 0.150407 0.0284553 0.00406504 0.00813008 0 0 0 0 0 0 0 0
2010 2 1 2 2 0 0 100 0 0 0 0 0 0.0172414 0.0905172 0.237069 0.284483 0.273707 0.0668103 0.0150862 0.0107759 0 0.00431034 0 0 0 0 0 0 0
2011 2 1 2 2 0 0 100 0 0 0.000356697 0.00481541 0.0304976 0.264848 0.299269 0.190476 0.15231 0.0458356 0.00784733 0.00178348 0.000535045 0.000535045 0.000891742 0 0 0 0 0 0 0
2012 2 1 2 2 0 0 100 0 0 0 0.00186683 0.00808961 0.0304916 0.0584941 0.0920971 0.146857 0.338519 0.242688 0.0653391 0.0136901 0.000622278 0.00124456 0 0 0 0 0 0 0
2013 2 1 2 2 0 0 100 0 0 0 0 0.000341064 0.00989086 0.0443383 0.0985675 0.183151 0.380286 0.232947 0.0405866 0.00750341 0.00204638 0.000341064 0 0 0 0 0 0 0
2014 2 1 2 2 0 0 100 0 0 0 0 0.00017337 0.0109223 0.0353675 0.0788835 0.227982 0.394764 0.215326 0.028086 0.00572122 0.00208044 0.000520111 0.00017337 0 0 0 0 0 0
2015 2 1 2 2 0 0 100 0 0 0 0 0.000434405 0.0186794 0.050391 0.116855 0.256299 0.365769 0.163771 0.0208514 0.00521286 0.000434405 0.000434405 0.000434405 0.000434405 0 0 0 0 0
2016 2 1 2 2 0 0 100 0 0 0 0 0 0.00637755 0.0229592 0.0688776 0.219388 0.397959 0.225765 0.0408163 0.00892857 0.00510204 0.00255102 0 0.00127551 0 0 0 0 0
2017 2 1 2 2 0 0 100 0 0 0 0.0019084 0.0019084 0.0114504 0.0477099 0.160305 0.387405 0.282443 0.0687023 0.0152672 0.019084 0.00381679 0 0 0 0 0 0 0 0
2018 2 1 2 2 0 0 100 0 0 0 0.00357143 0.0428571 0.128571 0.253571 0.257143 0.232143 0.0642857 0.0107143 0.00714286 0 0 0 0 0 0 0 0 0 0
2019 2 1 2 2 0 0 100 0 0 0 0 0 0.016736402 0.133891213 0.372384937 0.384937238 0.071129707 0.016736402 0.0041841 0 0 0 0 0 0 0 0 0 0
2020 2 1 2 2 0 0 100 0 0 0 0.0526316 0 0.263158 0.157895 0.157895 0.368421 0 0 0 0 0 0 0 0 0 0 0 0 0

# ** Females_BothMat_Discard_Trawl_Bycatch_Seas2  ** #
# Year | Season | Fleet | Sex | Type | Shell | Maturity | Nsamp | Data Vector
1991 2 2 2 2 0 0 100 0.0102514 0.00863643 0.00603848 0.00912793 0.0155175 0.0213453 0.0286477 0.0377756 0.0407246 0.0288583 0.0108833 0.00280859 0.00112344 0.00014043 0.000351074 0 0 0 0 0 0 0
1992 2 2 2 2 0 0 100 0.0080061 0.0443195 0.0491803 0.0464163 0.0386961 0.0277354 0.0304041 0.0176325 0.0104842 0.00524209 0.00190621 0.000762486 0.00104842 0.000762486 0.000857796 0 0 0 0 0 0 0
1993 2 2 2 2 0 0 100 0.000588235 0.00294118 0.0414706 0.113824 0.0773529 0.0544118 0.00852941 0.00382353 0.00147059 0.000294118 0.000588235 0.000588235 0.000294118 0 0 0 0 0 0 0 0 0
1994 2 2 2 2 0 0 100 0 0 0.000738007 0 0 0 0.00147601 0 0.00295203 0.000738007 0 0 0 0 0 0 0 0 0 0 0 0
1995 2 2 2 2 0 0 100 0.002849 0.00237417 0.0014245 0.00474834 0.017094 0.0132953 0.0151947 0.00854701 0.00332384 0.000474834 0.000474834 0.000474834 0 0 0 0 0 0 0 0 0 0
1996 2 2 2 2 0 0 100 0 0 0 0.0040404 0.010101 0.0040404 0.010101 0.0141414 0.0181818 0.00606061 0.0040404 0.0020202 0 0 0.0020202 0 0 0 0 0 0 0
1997 2 2 2 2 0 0 100 0 0 0.000149298 0.00149298 0.0161989 0.0373992 0.0573305 0.0337414 0.0169454 0.00492684 0.00149298 0.00141833 0.00134368 0.000746491 0.000373246 0 0 0 0 0 0 0
1998 2 2 2 2 0 0 100 0.00046804 0.000267451 0.000601765 0.00213961 0.00909334 0.0192565 0.0141081 0.00855844 0.00447981 0.00147098 0.000668628 0.000334314 0.000534902 0.000200588 0.000200588 0 0 0 0 0 0 0
1999 2 2 2 2 0 0 100 0.000286266 0.000357833 0.0012882 0.00121663 0.00229013 0.0040793 0.00379303 0.00207543 0.0017176 0.000572533 0.000572533 7.16e-05 0.000286266 0.000143133 0.0002147 0 0 0 0 0 0 0
2000 2 2 2 2 0 0 100 0.000428837 0.000714728 0.00347834 0.00795731 0.00681374 0.0129604 0.0162958 0.00957736 0.00466956 0.00104827 0.000428837 0.000524134 0.000238243 0.000142946 0 0 0 0 0 0 0 0
2001 2 2 2 2 0 0 100 0.000131173 0.00170525 0.00150849 0.00360727 0.00236112 0.00819833 0.0114121 0.00708336 0.00603397 0.00222995 0.00078704 0.000327933 0.000327933 0.000327933 0.000131173 0 0 0 0 0 0 0
2002 2 2 2 2 0 0 100 0.000169062 0.00028177 0.000788955 0.00214145 0.00247957 0.00777684 0.00969287 0.00631164 0.00433925 0.00208509 0.00135249 0.000676247 0.000338123 0.000563539 0.00028177 0 0 0 0 0 0 0
2003 2 2 2 2 0 0 100 0.000193555 0.000435498 0.000290332 0.000483887 0.00295171 0.00677441 0.00735508 0.00706474 0.00445176 0.00159683 0.00072583 0.000870996 4.84e-05 0.000435498 0.000532275 0 0 0 0 0 0 0
2004 2 2 2 2 0 0 100 0.00290698 0.0418707 0.0208078 0.00775194 0.00622195 0.0106079 0.0132089 0.0129539 0.00912893 0.00377397 0.00152999 0.000815993 0.000254998 0.000305998 0.000356997 0 0 0 0 0 0 0
2005 2 2 2 2 0 0 100 0.00321469 0.00619699 0.00778496 0.020605 0.0495372 0.065262 0.0280026 0.00697161 0.00495759 0.00220768 0.00131686 0.000580968 0.000116194 0.000154925 3.87e-05 0 0 0 0 0 0 0
2006 2 2 2 2 0 0 100 0.00019977 0.000399541 0.000599311 0.00209759 0.00804075 0.0206263 0.0274684 0.0179793 0.011287 0.00659242 0.0030465 0.000998851 0.000349598 0.000349598 9.99e-05 0 0 0 0 0 0 0
2007 2 2 2 2 0 0 100 0.000111346 0.00129904 0.00386 0.018966 0.043425 0.0501058 0.0318821 0.0120625 0.00389712 0.00129904 0.00103923 0.000371154 0.000222692 0.000371154 0.000259808 0 0 0 0 0 0 0
2008 2 2 2 2 0 0 100 0.000463213 0.000772022 0.00069482 0.00146684 0.00579016 0.0160581 0.028256 0.0240099 0.0251679 0.014514 0.00586737 0.0035513 0.00231607 0.00169845 0.000849224 0.000386011 0.000154404 0.000231607 0.000154404 0 7.72e-05 0
2009 2 2 2 2 0 0 100 0.000126662 0.00050665 0.000886637 0.0010133 0.0050665 0.0172261 0.0352122 0.0400253 0.0347055 0.0193794 0.00620646 0.0020266 0.00151995 0.00126662 0.0010133 0.000379987 0.00050665 0.000253325 0 0 0.000126662 0
2010 2 2 2 2 0 0 100 0.000375432 0.00337889 0.00135155 0.0016519 0.0125394 0.0456525 0.0649497 0.0506833 0.035666 0.0144166 0.00360414 0.00142664 0.00135155 0.000675777 0.00082595 0.000150173 0.000150173 0 0 7.51e-05 0 0.000150173
2011 2 2 2 2 0 0 100 0 0.000635901 0.000817587 0.0065407 0.0178052 0.025436 0.0313408 0.0326126 0.0337936 0.0160792 0.00608648 0.00245276 0.0012718 0.000635901 0.000726744 0.000363372 9.0843e-05 0.000181686 0 0 0 0
2012 2 2 2 2 0 0 100 0.000350355 0.000262766 0.000525532 0.00175177 0.00420426 0.0164667 0.0238241 0.0333713 0.0372252 0.0230358 0.0112114 0.00455461 0.00140142 0.000613121 0.000613121 0.000700709 8.76e-05 8.76e-05 8.76e-05 0.000175177 0 8.76e-05
2013 2 2 2 2 0 0 100 0.00110718 0.0035617 0.00366534 0.00641308 0.0108039 0.0185542 0.0244213 0.0197524 0.016307 0.00879428 0.00393581 0.0019717 0.00127655 0.000879681 0.000586454 0 0 0 0 0 0 0
2014 2 2 2 2 0 0 100 0.000318801 0.00310831 0.00310831 0.0120347 0.0183311 0.014904 0.0131506 0.0123536 0.0133897 0.01331 0.00852793 0.00414442 0.00231131 0.0010361 0.000398502 0.000478202 0.000239101 0.000159401 0.000159401 0 0 0
2015 2 2 2 2 0 0 100 0.000854476 0.00170895 0.00256343 0.00854476 0.0139345 0.0153806 0.0239911 0.0248455 0.0099908 0.00598133 0.00190614 0.000854476 0.000328645 0.000394374 0.000394374 0.000131458 0.000262916 0.000197187 6.57e-05 0 0 6.57e-05
2016 2 2 2 2 0 0 100 0.000194212 0.000582637 0.00320451 0.00640901 0.0113614 0.0177704 0.015537 0.0102933 0.00757429 0.00679744 0.00446689 0.00378714 0.00203923 0.00106817 0.000873956 0.000291319 0.000582637 0.000388425 0.000194212 0.000194212 0 0
2017 2 2 2 2 0 0 100 0.000283527 0.000567054 0.00378036 0.0142709 0.0131368 0.015783 0.010396 0.0073717 0.00406389 0.00321331 0.00217371 0.000567054 0.0010396 0.000567054 0.000378036 0.000756072 0.000283527 9.4509e-05 0.000283527 0 0.000283527 9.4509e-05
2018 2 2 2 2 0 0 100 0.000256715 0.000385072 0.000545519 0.0036261 0.00888875 0.0186118 0.0143439 0.00709174 0.00311267 0.00121939 0.000417161 0.000577608 0.000224625 0.000320893 0.000224625 6.42e-05 0.000128357 9.6268e-05 0 6.42e-05 3.21e-05 6.42e-05
2019 2 2 2 2 0 0 100 0.003 0.007 0.017 0.026 0.13 0.309 0.216 0.119 0.079 0.029 0.019 0.017 0.011 0.008 0.003 0.001 0.001 0.002 0 0 0.001 0
2020 2 2 2 2 0 0 100 0.000755915 0.00113387 0.00151183 0.00415753 0.0126238 0.0221483 0.0159498 0.00786152 0.00438431 0.00143624 0.000831507 0.00105828 0.00098269 0.000680324 0.000604732 0.000680324 0 7.56e-05 0.000151183 0 0 0

# ** Males_BothMat_Discard_Trawl_Bycatch_Seas2  ** #
# Year | Season | Fleet | Sex | Type | Shell | Maturity | Nsamp | Data Vector
1991 2 2 1 2 0 0 100 0.0154473 0.0181154 0.0110237 0.0197304 0.0216964 0.0186069 0.0182559 0.0195899 0.0195197 0.0192389 0.032369 0.0406544 0.0641764 0.093456 0.0986519 0.0747086 0.0547676 0.0495015 0.0412863 0.0254178 0.016009 0.00554697
1992 2 2 1 2 0 0 100 0.0080061 0.0382196 0.0510865 0.0632863 0.0801563 0.0441289 0.044796 0.0329775 0.0264011 0.0171559 0.021159 0.0147732 0.0171559 0.0190621 0.0260198 0.0331681 0.0408883 0.0485132 0.0442242 0.027926 0.0130576 0.00438429
1993 2 2 1 2 0 0 100 0 0.000588235 0.00441176 0.0326471 0.05 0.0582353 0.0841176 0.0761765 0.0482353 0.0414706 0.0458824 0.0373529 0.0276471 0.0267647 0.0273529 0.0252941 0.0211765 0.0402941 0.0282353 0.0123529 0.00470588 0.000882353
1994 2 2 1 2 0 0 100 0 0 0 0.000738007 0.000738007 0.00295203 0.00442804 0.00516605 0.00295203 0.00295203 0.00811808 0.0147601 0.0369004 0.0597786 0.107749 0.15203 0.178598 0.17048 0.133579 0.0656827 0.0287823 0.0177122
1995 2 2 1 2 0 0 100 0.000474834 0.002849 0.000474834 0.00759734 0.022792 0.0436847 0.0503324 0.0441595 0.0569801 0.0356125 0.0294397 0.02849 0.0356125 0.0541311 0.0660019 0.0797721 0.0992403 0.110161 0.0764482 0.0470085 0.0270655 0.011396
1996 2 2 1 2 0 0 100 0 0.00606061 0.00606061 0.0020202 0.00606061 0.00606061 0.0181818 0.0606061 0.0424242 0.0686869 0.0626263 0.0323232 0.0585859 0.0787879 0.111111 0.121212 0.0747475 0.0565657 0.0505051 0.040404 0.020202 0.0020202
1997 2 2 1 2 0 0 100 0.000223947 0.000223947 0.000223947 0 0.000522544 0.00209018 0.00776351 0.0130636 0.0178411 0.0253807 0.036802 0.0454613 0.0809197 0.11802 0.130263 0.114885 0.0892057 0.070842 0.0378471 0.0202299 0.00955509 0.00507614
1998 2 2 1 2 0 0 100 0.000601765 0.000334314 0.000601765 0.00046804 0.000534902 0.00140412 0.00213961 0.00341 0.00829099 0.013172 0.0213961 0.037042 0.060444 0.102634 0.141214 0.146764 0.144557 0.123362 0.0820407 0.0325622 0.012169 0.00247392
1999 2 2 1 2 0 0 100 0.0004294 0.000357833 0.000644099 0.0004294 0.000500966 0.00207543 0.00543906 0.00658413 0.00701353 0.0121663 0.0128104 0.0256924 0.0493094 0.0918915 0.132112 0.145853 0.154011 0.141344 0.108996 0.0578258 0.0201102 0.00543906
2000 2 2 1 2 0 0 100 0.000476485 0.00119121 0.00438367 0.0066708 0.00633726 0.0106256 0.0234431 0.0325916 0.0312574 0.027922 0.0268261 0.0291133 0.0413589 0.0568447 0.0716634 0.092867 0.12422 0.138228 0.116405 0.0647067 0.021966 0.00562253
2001 2 2 1 2 0 0 100 0.000459107 0.000459107 0.00209877 0.00150849 0.00183643 0.00321375 0.00996917 0.0198072 0.0255132 0.0284646 0.0323342 0.0299731 0.0365974 0.0549616 0.0861153 0.120352 0.137404 0.144881 0.118712 0.0668328 0.0253165 0.00701777
2002 2 2 1 2 0 0 100 0.000225416 0.00028177 0.000676247 0.00152156 0.000958016 0.0021978 0.00879121 0.017357 0.0248521 0.0333052 0.0477318 0.053818 0.0591152 0.0779374 0.103409 0.118287 0.125895 0.1153 0.0903353 0.0531981 0.0195548 0.00597351
2003 2 2 1 2 0 0 100 4.84e-05 0.000241943 0.000387109 0.000338721 0.00116133 0.00280654 0.00600019 0.0124359 0.0198393 0.0258879 0.0322752 0.0409852 0.0586471 0.0841479 0.125181 0.139698 0.141488 0.123536 0.0840027 0.045195 0.0172748 0.00420981
2004 2 2 1 2 0 0 100 0.00117299 0.0442166 0.0219808 0.00902693 0.00331497 0.00566095 0.0226948 0.0402387 0.0384537 0.0390147 0.0381477 0.0359547 0.0420747 0.0550286 0.0721644 0.0825683 0.0853223 0.0832823 0.0705324 0.0458996 0.0236638 0.00708894
2005 2 2 1 2 0 0 100 0.00209148 0.00317596 0.00352454 0.00937294 0.022619 0.0290096 0.0223866 0.0259499 0.0309462 0.031411 0.0388861 0.0455091 0.0531004 0.0541849 0.0570123 0.0616213 0.0615438 0.0721174 0.0765328 0.0596073 0.0314884 0.0109609
2006 2 2 1 2 0 0 100 0.000249713 0.000399541 0.000249713 0.00114868 0.00289667 0.00369575 0.0070419 0.0141837 0.0222244 0.0262698 0.0401538 0.0607801 0.0697198 0.0571842 0.0664236 0.0858513 0.089547 0.103032 0.100235 0.0844529 0.0453978 0.0187285
2007 2 2 1 2 0 0 100 0.000111346 0.000334039 0.000371154 0.00152173 0.00330327 0.00664366 0.0133615 0.0181865 0.027354 0.0301377 0.0403444 0.0562669 0.0610919 0.0808744 0.10667 0.126823 0.114687 0.0726348 0.0391567 0.019634 0.00809116 0.00322904
2008 2 2 1 2 0 0 100 0.000463213 0.00177565 0.000540415 0.00115803 0.00185285 0.00586737 0.0196094 0.0468617 0.0659307 0.0700996 0.0657763 0.0750405 0.078283 0.0765846 0.0760442 0.0894001 0.0728017 0.0566664 0.0322705 0.0165213 0.00802903 0.00594457
2009 2 2 1 2 0 0 100 0.000633312 0.0010133 0.000633312 0.00126662 0.0010133 0.0030399 0.0120329 0.0345788 0.0550982 0.0642179 0.0664978 0.0629512 0.0633312 0.0613046 0.0666244 0.0732109 0.0699177 0.0662445 0.0534516 0.039392 0.0205193 0.0155795
2010 2 2 1 2 0 0 100 0.000600691 0.00390449 0.00150173 0.00232768 0.0049557 0.00473044 0.0135906 0.0266557 0.0352155 0.0400961 0.0500826 0.0589428 0.0811683 0.0985884 0.0970116 0.0659258 0.0485058 0.0379186 0.0362667 0.0290584 0.0159934 0.00788407
2011 2 2 1 2 0 0 100 0.000545058 0.00145349 0.00236192 0.00826672 0.0162609 0.0110828 0.0236192 0.0420603 0.0493278 0.0467842 0.0639535 0.0703125 0.0740371 0.0740371 0.072311 0.0593205 0.0476017 0.0442406 0.0446039 0.0339753 0.0232558 0.0137173
2012 2 2 1 2 0 0 100 0.000525532 0.000788298 0.000963476 0.00192695 0.00499255 0.0166418 0.0490497 0.0689323 0.0561443 0.0442323 0.0590348 0.0732241 0.0700709 0.058772 0.0578085 0.0589472 0.0536919 0.0478234 0.0453709 0.0344224 0.0215468 0.0144521
2013 2 2 1 2 0 0 100 0.00144086 0.00378414 0.00402176 0.00593532 0.00769215 0.0100228 0.0197271 0.0312413 0.040162 0.0458319 0.0478996 0.0472525 0.0521615 0.0616661 0.0759129 0.0850459 0.0895126 0.0867825 0.0724776 0.049841 0.024856 0.0147018
2014 2 2 1 2 0 0 100 0.00215191 0.00326771 0.00183311 0.00541962 0.00956404 0.00844823 0.01331 0.0215191 0.0293297 0.0392126 0.0431179 0.0512473 0.0518052 0.0633618 0.0828883 0.100741 0.0977126 0.0832071 0.0689408 0.0517255 0.0314019 0.0183311
2015 2 2 1 2 0 0 100 0.00170895 0.000985934 0.00414092 0.0141974 0.0153148 0.0164322 0.0400289 0.0575785 0.0450243 0.0452872 0.0481793 0.0594847 0.0524517 0.0448271 0.047522 0.0512686 0.0556067 0.0505456 0.0559353 0.0723676 0.0635599 0.0451558
2016 2 2 1 2 0 0 100 0.000873956 0.00106817 0.00252476 0.00708876 0.0116527 0.0200039 0.0328219 0.0412701 0.039328 0.0428238 0.0589435 0.0650612 0.0672946 0.0736065 0.077685 0.0801126 0.0715673 0.0586522 0.0469023 0.0442804 0.0362206 0.0266071
2017 2 2 1 2 0 0 100 0.000283527 0.000850581 0.00548152 0.0124752 0.0252339 0.0301484 0.0361024 0.0388432 0.0386542 0.0400718 0.0435687 0.0452698 0.0511294 0.0747566 0.0916738 0.0843021 0.0776864 0.0724884 0.057745 0.0447028 0.0327946 0.0163501
2018 2 2 1 2 0 0 100 0.000385072 0.000352983 0.00109104 0.00253506 0.0151462 0.0721368 0.143151 0.157912 0.122453 0.0986747 0.0829188 0.0656869 0.0490325 0.0360684 0.0320252 0.0222058 0.0149215 0.00911337 0.00596862 0.00429997 0.00198954 0.00163656
2019 2 2 1 2 0 0 100 0.004 0.008 0.011 0.014 0.018 0.023 0.044 0.069 0.097 0.117 0.119 0.099 0.091 0.081 0.066 0.054 0.034 0.022 0.014 0.007 0.003 0.003
2020 2 2 1 2 0 0 100 0.000151183 0.00128506 0.00151183 0.00332603 0.00400635 0.0109608 0.02109 0.0319752 0.037569 0.0505707 0.0616071 0.0909366 0.106282 0.121173 0.124424 0.100083 0.071434 0.0470935 0.0219215 0.0098269 0.00415753 0.00158742

# ** Females_Immat_Discard_NMFS_Trawl_1982_Seas1  ** #
# Year | Season | Fleet | Sex | Type | Shell | Maturity | Nsamp | Data Vector
1982 1 3 2 2 0 2 100 0.000314638 0.000833882 0.000116163 0.000687518 0.00282138 0.0085966 0.00356032 0.000857423 0.000207891 3.46e-05 0 7.6e-06 0 0 0 0 0 0 0 0 0 0
1983 1 3 2 2 0 2 100 0.0146813 0.010802 0.00137597 0.00114959 0.00800712 0.00685992 0.00121444 0.000264071 1.9101e-05 0 0 0 0 0 0 0 0 0 0 0 0 0
1984 1 3 2 2 0 2 100 0.0131051 0.0227003 0.0168713 0.0469107 0.0711187 0.0173365 0.00257555 0.000349813 1.13e-05 3.43e-05 0 0 0 0 0 0 0 0 0 0 0 0
1985 1 3 2 2 0 2 100 0.0136092 0.0390155 0.0372294 0.0822572 0.0408367 0.0199561 0.00586677 0.000980922 9.7e-05 0 0 0 0 0 0 0 0 0 0 0 0 0
1986 1 3 2 2 0 2 100 0.0060485 0.0359736 0.0481016 0.108693 0.0812898 0.0396557 0.0273153 0.00486951 0.000617806 0.000302489 0 0 0 0 0 0 0 0 0 0 0 0
1987 1 3 2 2 0 2 100 0.00159416 0.00258074 0.0307435 0.0911306 0.102144 0.0532387 0.0349025 0.0103161 0.0015471 0.000109047 1.8078e-05 0 0 0 0 0 0 0 0 0 0 0
1988 1 3 2 2 0 2 100 0.00116092 0.00867847 0.0153454 0.0319263 0.0361875 0.0219066 0.0129179 0.0043787 0.000647538 5.1278e-05 6.24e-06 0 0 0 0 0 0 0 0 0 0 0

# ** Females_Immat_Discard_NMFS_Trawl_1989_Seas1  ** #
# Year | Season | Fleet | Sex | Type | Shell | Maturity | Nsamp | Data Vector
1989 1 4 2 2 0 2 100 0.000118014 0.000860846 0.00292847 0.0153477 0.0177565 0.0125407 0.0104599 0.00389136 0.000720192 0.000108222 6.16e-05 1.56e-05 0 0 0 0 0 0 0 0 0 0
1990 1 4 2 2 0 2 100 0.000387957 0.00772522 0.0347138 0.0170036 0.0332739 0.023985 0.0196702 0.00822257 0.000817141 0.00108438 0.000513012 0 0 0 0 0 0 0 0 0 0 0
1991 1 4 2 2 0 2 100 0.0179712 0.0197087 0.0171511 0.0415559 0.0620691 0.0334836 0.0174108 0.0078115 0.000875408 0.00010493 0 0 0 0 0 0 0 0 0 0 0 0
1992 1 4 2 2 0 2 100 0.0130381 0.0284182 0.0435951 0.0772228 0.0599409 0.0149183 0.0113109 0.0045093 0.000583525 2.88e-05 1.98e-05 0 0 0 0 0 0 0 0 0 0 0
1993 1 4 2 2 0 2 100 0.016706 0.0340279 0.0509173 0.0869153 0.0683568 0.0182913 0.00406734 0.000832583 5.73e-05 2.17e-05 0 0 0 0 0 0 0 0 0 0 0 0
1994 1 4 2 2 0 2 100 0.0181026 0.031213 0.0653277 0.0971891 0.0545582 0.0163084 0.00631137 0.00193026 0.000328496 4.38e-05 0 0 0 0 0 0 0 0 0 0 0 0
1995 1 4 2 2 0 2 100 0.00104376 0.00889275 0.0230549 0.0311642 0.0428486 0.0182067 0.00232706 0.000289051 8.54e-05 2.97e-05 1.7e-05 0 0 0 0 0 0 0 0 0 0 0
1996 1 4 2 2 0 2 100 0.000167431 0.000818176 0.00217065 0.00991975 0.0206371 0.0116529 0.00253335 0.000205013 5.39e-05 3.92e-06 0 0 0 0 0 0 0 0 0 0 0 0
1997 1 4 2 2 0 2 100 0.000229417 0.000582913 0.00119523 0.00469075 0.0180567 0.00952952 0.00247309 0.000139355 4.02e-05 0 0 0 0 0 0 0 0 0 0 0 0 0
1998 1 4 2 2 0 2 100 0.00347767 0.00250876 0.00280017 0.0169291 0.0377432 0.0271928 0.0193031 0.00632601 4.57e-05 2.02e-05 0 0 0 0 0 0 0 0 0 0 0 0
1999 1 4 2 2 0 2 100 0.00792904 0.0276906 0.0162823 0.0218842 0.0285865 0.0161171 0.00993065 0.00876907 0.003559 0.000897171 6.36e-05 0 0 0 0 0 0 0 0 0 0 0
2000 1 4 2 2 0 2 100 0.00415494 0.0102677 0.0149912 0.0327293 0.0294997 0.0210419 0.00781699 0.00179226 0.000237793 9.8e-05 2e-05 0 0 0 0 0 0 0 0 0 0 0
2001 1 4 2 2 0 2 100 0.00122714 0.00356421 0.0135989 0.0473682 0.0162972 0.0263137 0.0229126 0.00368468 0.000833059 2.67e-05 0 0 0 0 0 0 0 0 0 0 0 0
2002 1 4 2 2 0 2 100 0.00122761 0.00648626 0.0055034 0.0192742 0.0183633 0.0226075 0.0134546 0.000929036 6.1e-05 0 0 0 0 0 0 0 0 0 0 0 0 0
2003 1 4 2 2 0 2 100 0.0117675 0.0220405 0.0264463 0.040123 0.0590354 0.0286824 0.0146679 0.00221537 0.000301804 4.85e-05 0 0 0 0 0 0 0 0 0 0 0 0
2004 1 4 2 2 0 2 100 0.00703027 0.061585 0.157597 0.0600355 0.0480766 0.0136728 0.00313825 0.000429286 0.000153951 6.7e-05 0 0 0 0 0 0 0 0 0 0 0 0
2005 1 4 2 2 0 2 100 0.00238084 0.0147599 0.0181648 0.0728706 0.100035 0.0887932 0.0212498 0.00759045 0.000852986 2.25e-05 0 0 0 0 0 0 0 0 0 0 0 0
2006 1 4 2 2 0 2 100 0.0045469 0.0166212 0.0302857 0.0758614 0.0518943 0.0271265 0.0330248 0.0223012 0.00187199 0.00064582 0.000320169 8.76e-06 0 0 0 0 0 0 0 0 0 0
2007 1 4 2 2 0 2 100 0.000724633 0.00233752 0.00757934 0.0134405 0.0528384 0.0797438 0.0425293 0.00956352 0.00109224 0.000289594 7.19e-05 0 2.87e-05 0 0 0 0 0 0 0 0 0
2008 1 4 2 2 0 2 100 0.00867704 0.0166312 0.00838939 0.0164611 0.0183714 0.0222382 0.0164453 0.004276 0.00127734 0.0001021 2.74e-05 0 1.42e-05 0 0 0 0 0 0 0 0 0
2009 1 4 2 2 0 2 100 0.0191262 0.0478541 0.0594415 0.0534824 0.10273 0.0448844 0.00969289 0.00249467 0.000232959 0.000120542 3.84e-05 0 0 8.62e-06 0 0 0 0 0 0 0 0
2010 1 4 2 2 0 2 100 0.0124749 0.0201811 0.0271119 0.139977 0.172625 0.0212825 0.00819477 0.00203621 0.000112547 2.41e-05 3.51e-06 6.33e-06 0 0 0 0 0 0 0 0 0 0
2011 1 4 2 2 0 2 100 0.00902057 0.0162309 0.0180045 0.0430038 0.0376325 0.0266779 0.0146925 0.0137842 0.00301595 0.000367495 1.86e-05 2.65e-06 0 0 0 0 0 0 0 0 0 0
2012 1 4 2 2 0 2 100 0.00659826 0.0167339 0.0362887 0.0555033 0.0369648 0.0158614 0.0175375 0.0212409 0.00700331 0.000810077 5.83e-05 0 0.000110974 0 0 0 0 0 0 0 0 0
2013 1 4 2 2 0 2 100 0.00734763 0.041259 0.0415815 0.0360724 0.0408267 0.0295402 0.0217884 0.00812527 0.000881251 6.39e-05 0.000132887 6.27e-06 3.22e-05 0 0 0 0 0 0 0 0 0
2014 1 4 2 2 0 2 100 0.00992217 0.0189154 0.0126916 0.0562081 0.0948255 0.0600437 0.0262138 0.0152596 0.00015169 1.3893e-05 2.86e-05 3.4e-06 0 0 0 0 0 0 0 0 0 0
2015 1 4 2 2 0 2 100 0.0125945 0.0584528 0.0977707 0.0855654 0.05307 0.0203379 0.0102276 0.00118534 5.86e-06 0.000498176 3.91e-06 7.8e-06 0 0 0 0 0 0 0 0 0 0
2016 1 4 2 2 0 2 100 0.0105235 0.0523929 0.0907103 0.119308 0.0848236 0.0285666 0.00652754 0.000391023 5.89e-06 0 0 0 0 0 0 0 0 0 0 0 0 0
2017 1 4 2 2 0 2 100 0.00500295 0.0377983 0.0379614 0.136134 0.0681213 0.0145168 0.00437007 0.000382464 3.09e-05 2.4e-05 3.43e-06 0 0 0 0 0 0 0 0 0 0 0
2018 1 4 2 2 0 2 100 0.0019704 0.00170873 0.00938725 0.0902796 0.0900914 0.0219137 0.0046017 0.000281913 3.96e-06 0 1.9e-05 0 0 0 0 0 0 0 0 0 0 0
2019 1 4 2 2 0 2 100 0.008945866 0.00775788 0.042619391 0.409881518 0.409027293 0.099491325 0.020892369 0.001279926 1.79857e-05 0 8.64475e-05 0 0 0 0 0 0 0 0 0 0 0
2021 1 4 2 2 0 2 100 0.281595772 0.274025612 0.115790239 0.088946305 0.08644583 0.077000313 0.030508042 0.034304987 0.006859427 0.004523473 0 0 0 0 0 0 0 0 0 0 0 0

# ** Males_Immat_Discard_NMFS_Trawl_1982_Seas1  ** #
# Year | Season | Fleet | Sex | Type | Shell | Maturity | Nsamp | Data Vector
1982 1 3 1 2 0 2 100 0.000272564 0.000279821 0.000589246 0.00297579 0.0122403 0.0263732 0.0349596 0.0314437 0.0284088 0.0265197 0.0241071 0.0189574 0.0138643 0.00909671 0.0052054 0.00213869 0.000408616 0.000151394 4.58e-05 1.37e-05 1.57e-05 7.35e-07
1983 1 3 1 2 0 2 100 0.0150765 0.0220969 0.0030183 0.00436202 0.0123052 0.0207457 0.0316753 0.0348826 0.0292638 0.0190184 0.0152457 0.0160456 0.0172218 0.0145271 0.00712568 0.00260002 0.000764962 0.000235006 8.1e-05 1.9865e-05 1.68e-05 4.14e-07
1984 1 3 1 2 0 2 100 0.0198307 0.0329218 0.0330259 0.0450942 0.0570382 0.0188784 0.0122291 0.0119353 0.0128937 0.0112346 0.0118518 0.0122711 0.0119187 0.0121592 0.00813695 0.00372649 0.00168659 0.000869427 0.000498452 0.000117886 9.95e-05 2.37e-06
1985 1 3 1 2 0 2 100 0.0172279 0.0397042 0.0422901 0.0650361 0.0444483 0.0287452 0.027563 0.0224977 0.0131135 0.0118784 0.0139018 0.0158686 0.0151424 0.012298 0.00869814 0.00490333 0.00219921 0.00130358 0.000880476 0.000212428 0.000149271 3.26e-06
1986 1 3 1 2 0 2 100 0.0202351 0.0695116 0.0455958 0.0489972 0.0385252 0.0401428 0.0369982 0.0257777 0.0154852 0.0118843 0.0089527 0.0072785 0.0045736 0.00340931 0.00268693 0.00173724 0.000730033 0.000422745 0.000244421 6.6e-05 5.19e-05 9.35e-07
1987 1 3 1 2 0 2 100 0.00116673 0.0105819 0.0582717 0.0782206 0.0521037 0.0326007 0.0346542 0.0227909 0.0133137 0.00819774 0.0066773 0.00492819 0.00357683 0.00326254 0.00209688 0.00109617 0.000373493 0.000161834 9.9774e-05 2.36e-05 2.61e-05 4.68e-07
1988 1 3 1 2 0 2 100 0.00116532 0.0171963 0.0302211 0.044658 0.048016 0.0522765 0.0454711 0.0346247 0.0199993 0.0166156 0.0119949 0.0104058 0.0063303 0.00485905 0.0030068 0.00162749 0.000532419 0.000271832 0.000200033 6.56e-05 0.000102697 1.84e-06

# ** Males_Immat_Discard_NMFS_Trawl_1989_Seas1  ** #
# Year | Season | Fleet | Sex | Type | Shell | Maturity | Nsamp | Data Vector
1989 1 4 1 2 0 2 100 0.000127934 0.00117652 0.00855203 0.0284692 0.0279578 0.0250503 0.023435 0.0223035 0.0259684 0.0224195 0.0156364 0.0125971 0.0089614 0.00630152 0.00366329 0.00151765 0.000497567 0.000186327 0.000120734 3.93e-05 4.19e-05 1.68e-06
1990 1 4 1 2 0 2 100 0.000868692 0.00737188 0.0145584 0.0134179 0.0202073 0.025762 0.0251105 0.0190136 0.0154196 0.0117899 0.0104273 0.0118505 0.012856 0.0164116 0.0124244 0.00569906 0.00160832 0.000663878 0.000462695 0.000111795 0.000123963 5.09e-06
1991 1 4 1 2 0 2 100 0.015298 0.0185223 0.0234374 0.0362142 0.0360535 0.0239034 0.0274995 0.0222589 0.0126308 0.0062923 0.00562597 0.00593889 0.00692955 0.00826671 0.00458092 0.00191235 0.00077101 0.00066889 0.000518392 0.000191936 0.000272342 1.06e-05
1992 1 4 1 2 0 2 100 0.0110118 0.0292915 0.0393384 0.0746336 0.0745582 0.027213 0.0156411 0.0133641 0.00958731 0.00551324 0.00606154 0.00510417 0.00382473 0.00294657 0.00188059 0.00121217 0.000578045 0.000405955 0.000311331 0.000102425 0.000124726 4.26e-06
1993 1 4 1 2 0 2 100 0.0138157 0.0402688 0.0505759 0.0738608 0.0618509 0.0540997 0.0376217 0.0225439 0.00995898 0.00584442 0.00399394 0.00308389 0.00176491 0.00145378 0.00101704 0.000627907 0.000211962 0.000127335 0.000107148 3.1243e-05 3.4046e-05 1.58e-06
1994 1 4 1 2 0 2 100 0.00956701 0.0330057 0.0446488 0.0544644 0.0443544 0.0421672 0.0387076 0.0287119 0.018899 0.0118969 0.00713753 0.00443217 0.0018069 0.00128242 0.000558247 0.000389361 0.000109063 7e-05 5.7627e-05 1.68e-05 2.45e-05 5.27e-07
1995 1 4 1 2 0 2 100 0.00188797 0.00737351 0.0124761 0.0203183 0.0389085 0.0461345 0.0447714 0.0411042 0.0312803 0.0222919 0.0123486 0.00911466 0.00583923 0.00381344 0.00185477 0.000726524 0.000153343 7.08e-05 4.25e-05 1.33e-05 1.19e-05 2.27e-07
1996 1 4 1 2 0 2 100 0.000348149 0.000957316 0.00457967 0.00963723 0.0131669 0.021674 0.0305827 0.0338655 0.0343629 0.0281687 0.0237417 0.0234251 0.0195713 0.0156449 0.00801816 0.0035325 0.00101034 0.000376381 0.000179559 3.65e-05 3.968e-05 1.38e-06
1997 1 4 1 2 0 2 100 0.000176188 0.000483259 0.00169754 0.00487351 0.00876051 0.0112227 0.0125858 0.0149097 0.0148382 0.0167135 0.0158097 0.0173971 0.016656 0.0154448 0.0102987 0.00516069 0.00198486 0.00106435 0.000670577 0.000182053 0.000255249 6.99e-06
1998 1 4 1 2 0 2 100 0.00243925 0.00245975 0.00507461 0.016051 0.0330314 0.0202321 0.0179687 0.014979 0.0114208 0.00741806 0.00652847 0.00710925 0.00840619 0.00920961 0.00743778 0.0045492 0.00191974 0.00111522 0.000687699 0.000189889 0.000202427 5.54e-06
1999 1 4 1 2 0 2 100 0.0118159 0.0263231 0.0187055 0.0155286 0.0227457 0.0229828 0.0244088 0.0216297 0.0124162 0.00588255 0.00382618 0.00322781 0.00303866 0.0035243 0.00317376 0.00194016 0.000870183 0.00063415 0.000487179 0.000156841 0.000220148 6.25e-06
2000 1 4 1 2 0 2 100 0.00466328 0.0128735 0.0220007 0.0346399 0.0296759 0.0348844 0.0345076 0.0191617 0.00885483 0.00487404 0.00358711 0.00279995 0.00165749 0.00106849 0.0006229 0.000343241 0.00012032 0.00010209 8.55e-05 3.0032e-05 2.46e-05 9.59e-07
2001 1 4 1 2 0 2 100 0.00155571 0.00256946 0.0251035 0.0418723 0.0146368 0.0237691 0.0385938 0.0402393 0.038834 0.0281398 0.0178007 0.0108165 0.00583644 0.00303108 0.00160703 0.000916049 0.000223491 9.93e-05 6.53e-05 1.59e-05 1.99e-05 1.1e-06
2002 1 4 1 2 0 2 100 0.00234756 0.00737198 0.0113349 0.0238934 0.0213687 0.0299532 0.0253784 0.0271244 0.0215055 0.0219186 0.0168715 0.017262 0.0197545 0.0154749 0.00862687 0.00375357 0.00120271 0.000462729 0.000169451 5.72e-05 6.8e-05 5.22e-07
2003 1 4 1 2 0 2 100 0.00905642 0.0313262 0.0486591 0.0457926 0.0754884 0.0411324 0.0295013 0.0187314 0.0155351 0.0101131 0.00784445 0.00628801 0.00522738 0.00470385 0.00326928 0.00124616 0.00051187 0.000271981 0.000166446 4.4275e-05 3.59e-05 4.8e-07
2004 1 4 1 2 0 2 100 0.00562194 0.0392287 0.0821272 0.0409387 0.0348942 0.0282481 0.0230792 0.0263041 0.0129726 0.00403747 0.0030035 0.00219864 0.00109699 0.00124327 0.000872614 0.000470688 0.000220641 0.000154702 0.000133094 5.06e-05 5.6067e-05 1.89e-06
2005 1 4 1 2 0 2 100 0.00191871 0.00770091 0.0112209 0.0388494 0.0413226 0.0375068 0.0351388 0.0443045 0.0316199 0.0125456 0.00850033 0.00982304 0.00720331 0.00327436 0.00104305 0.000414527 0.00012157 9.6553e-05 8.56e-05 3.33e-05 7.44e-05 2.41e-06
2006 1 4 1 2 0 2 100 0.00438882 0.00925637 0.0313973 0.0535691 0.0252872 0.0180337 0.0251416 0.0298946 0.0249104 0.0166404 0.0117489 0.0145987 0.01011 0.00554414 0.00380686 0.00269226 0.00128361 0.000595433 0.000219708 3.1776e-05 3.97e-05 9.08e-07
2007 1 4 1 2 0 2 100 0.000582125 0.00331465 0.0157749 0.0243318 0.0402839 0.0554204 0.0422132 0.0299928 0.0165569 0.013713 0.0115133 0.0131757 0.0114181 0.00980502 0.00523321 0.00311219 0.00133955 0.000578811 0.000308278 5.2e-05 5.42e-05 6.15e-07
2008 1 4 1 2 0 2 100 0.0114112 0.0198232 0.0110663 0.0133695 0.0132872 0.0243794 0.0319997 0.0362767 0.0385816 0.0326221 0.0184354 0.0134578 0.0102909 0.00837577 0.00521577 0.00296193 0.00104864 0.000596271 0.000302001 7.71e-05 0.000100796 3.67e-06
2009 1 4 1 2 0 2 100 0.0129661 0.0224401 0.039973 0.0300686 0.036089 0.0225883 0.0167328 0.0136982 0.00956489 0.00963947 0.00847686 0.00777855 0.00755756 0.00668949 0.00436567 0.00189412 0.000706571 0.000401652 0.000334135 0.000130855 0.000146673 4.78e-06
2010 1 4 1 2 0 2 100 0.0103954 0.0177776 0.0194017 0.048196 0.0722267 0.039529 0.0181314 0.0111273 0.00492092 0.00204842 0.00145495 0.00118226 0.00122421 0.00157043 0.00131452 0.000745056 0.000311739 0.000220451 0.000208722 7.235e-05 0.000103247 2.73e-06
2011 1 4 1 2 0 2 100 0.0117051 0.0127134 0.0159465 0.0249721 0.0255874 0.027926 0.030495 0.0260531 0.0144137 0.00667211 0.00553368 0.00345609 0.00215384 0.00154697 0.00128703 0.000643509 0.000324987 0.000214572 0.000203723 7.19e-05 9.04e-05 2.95e-06
2012 1 4 1 2 0 2 100 0.00361632 0.0127183 0.0286055 0.022895 0.0143198 0.0146618 0.0192976 0.0195711 0.0136659 0.00854205 0.00604223 0.00554643 0.00319498 0.00149455 0.00119346 0.000593719 0.000194982 9.1095e-05 5.99e-05 1.8003e-05 3.82e-05 1.44e-06
2013 1 4 1 2 0 2 100 0.00356481 0.0155648 0.0203786 0.0176191 0.0235044 0.01962 0.0177265 0.0123756 0.00840228 0.00787547 0.00776973 0.00748751 0.0051304 0.00240086 0.00192289 0.00103322 0.000360823 0.000153566 0.000100334 2.73e-05 3.49e-05 1.33e-06
2014 1 4 1 2 0 2 100 0.00399161 0.0188829 0.00795806 0.0210559 0.0413837 0.0210729 0.021556 0.0239474 0.015908 0.0100498 0.00678183 0.00507904 0.00375761 0.00317965 0.00286268 0.00191294 0.000807572 0.000289831 0.000201923 5.01e-05 5.56e-05 1.25e-06
2015 1 4 1 2 0 2 100 0.0184782 0.0558645 0.0743684 0.0481665 0.0234887 0.0167888 0.0155118 0.0120592 0.00798994 0.00464518 0.00347654 0.00348636 0.00199077 0.0013534 0.000953626 0.000433192 0.000162612 7.75e-05 8.9e-05 4.17e-05 8.62e-05 3.46e-06
2016 1 4 1 2 0 2 100 0.00647017 0.0656403 0.0900984 0.0860334 0.0639428 0.0310969 0.0145337 0.0087533 0.00405842 0.00243455 0.00248432 0.00218462 0.00157355 0.000841554 0.000481345 0.000297023 0.000105555 4.87e-05 2.9e-05 7.16e-06 1.4386e-05 8.47e-07
2017 1 4 1 2 0 2 100 0.00676357 0.0281919 0.0475412 0.104799 0.0666216 0.0364082 0.0298115 0.0191918 0.00866347 0.00510498 0.00350821 0.00194449 0.00104316 0.00046023 0.000470392 0.000260991 9.57e-05 4.6143e-05 2.4106e-05 5.11e-06 7.02e-06 9.79e-08
2018 1 4 1 2 0 2 100 0.00135269 0.00118035 0.0141107 0.048223 0.0634479 0.0817199 0.0617677 0.0373229 0.0209286 0.0118184 0.00842058 0.00656239 0.00346663 0.00228178 0.0010999 0.000486386 0.000111118 3.14e-05 1.31e-05 3.42e-06 5.46e-06 1.96e-07
2019 1 4 1 2 0 2 100 0.000531301 0.000412219 0.000578281 0.008991572 0.054411405 0.100983803 0.112282055 0.141557089 0.139712871 0.131859835 0.110627144 0.085592237 0.054977778 0.034655003 0.015059768 0.005766169 0.001300357 0.000413442 0.000181804 3.49089e-05 7.02256e-05 7.34066e-07
2021 1 4 1 2 0 2 100 0.034220051 0.030670862 0.028648348 0.014496796 0.01867399 0.016845694 0.02130752 0.030874582 0.041253212 0.081886049 0.13839306 0.179809103 0.168233781 0.111588414 0.057267181 0.021649453 0.003968925 0.000212982 0 0 0 0

# ** Females_Mature_Discard_NMFS_Trawl_1982_Seas1  ** #
# Year | Season | Fleet | Sex | Type | Shell | Maturity | Nsamp | Data Vector
1982 1 3 2 2 0 1 100 0 0 0.000618895 0.00684438 0.0700815 0.2092903 0.1416973 0.0657965 0.0307524 0.00611227 0.000925449 4.94e-05 1.45e-05 0 0 0 0 0 0 0 0 0
1983 1 3 2 2 0 1 100 0 0 0.000318668 0.00965767 0.095971 0.199466 0.106034 0.0392924 0.01263748 0.003125557 0.00017019 2.76e-05 0 0 0 0 0 0 0 0 0 0
1984 1 3 2 2 0 1 100 0 0 0.000323254 0.00617941 0.0491874 0.0934634 0.0654466 0.03066384 0.01295197 0.001276434 0.000332379 0.00031611 2.26e-05 0 0 0 0 0 0 0 0 0
1985 1 3 2 2 0 1 100 0 0 0.000162788 0.002110762 0.0170356 0.05522958 0.03433918 0.00871329 0.002416302 0.000296327 8.052e-05 0.000132025 0 0 0 0 0 0 0 0 0 0
1986 1 3 2 2 0 1 100 0 0 7.1e-05 0.001160254 0.01509796 0.0539788 0.0332276 0.00759989 0.002289292 4.67e-05 0.000122083 0 0 0 0 0 0 0 0 0 0 0
1987 1 3 2 2 0 1 100 0 0 0.000257188 0.00773678 0.03936112 0.0860584 0.0562858 0.0238535 0.01168685 0.001747234 8.26e-05 4e-05 3.18e-06 0 0 0 0 0 0 0 0 0
1988 1 3 2 2 0 1 100 0 3.86e-06 0.000692432 0.01287012 0.0616472 0.1419804 0.075386 0.03717621 0.01859018 0.008292821 0.000841648 0.000168624 1.34e-05 3.47e-06 2.26e-06 0 0 0 0 0 0 0

# ** Females_Mature_Discard_NMFS_Trawl_1989_Seas1  ** #
# Year | Season | Fleet | Sex | Type | Shell | Maturity | Nsamp | Data Vector
1989 1 4 2 2 0 1 100 0 4.29e-05 0.000307571 0.02933808 0.1330917 0.1988117 0.095268 0.0454837 0.02431077 0.0077339 0.000901218 0.000100861 3.85e-05 0 0 0 0 0 0 0 0 0
1990 1 4 2 2 0 1 100 0 0 0.000669225 0.015360573 0.08415461 0.1627094 0.0873271 0.04335715 0.02477969 0.0065812 0.001483645 0.000227221 3.03e-05 6.89e-06 0 0 0 0 0 0 0 0
1991 1 4 2 2 0 1 100 0 0 0.000749828 0.0108773 0.0892839 0.150077 0.0720951 0.03056654 0.01774053 0.0050158 0.000860878 9.3839e-05 1.46e-05 0 0 0 0 0 0 0 0 0
1992 1 4 2 2 0 1 100 0 2.03e-05 0.001266375 0.0179458 0.0600454 0.0925764 0.0673017 0.0351003 0.02028762 0.00737803 0.001830214 0.000152522 2.75e-05 6.85e-06 0 0 0 0 0 0 0 0
1993 1 4 2 2 0 1 100 0 3.41e-05 0.001236352 0.01882336 0.070102 0.0832568 0.0332588 0.01210749 0.00980041 0.004333706 0.001011593 4.71e-05 1.45e-05 7.12e-06 0 0 0 0 0 0 0 0
1994 1 4 2 2 0 1 100 0 0 0.000637212 0.02237396 0.06241748 0.0665228 0.0486057 0.02850907 0.01005393 0.002421006 0.000382116 5.9e-05 1.89e-05 8.85e-06 1.75e-06 0 0 0 0 0 0 0
1995 1 4 2 2 0 1 100 0 0 0.000913426 0.0253944 0.1102714 0.1443457 0.073039 0.02149626 0.01233847 0.003337805 0.000171936 3.54e-05 1.35e-05 3.41e-06 0 0 0 0 0 0 0 0
1996 1 4 2 2 0 1 100 0 0 0.001996553 0.0452682 0.1397966 0.1391805 0.064179 0.02150141 0.00707159 0.001735331 0.000166513 9.63e-05 1.69e-05 0 0 0 0 0 0 0 0 0
1997 1 4 2 2 0 1 100 0 0 0.00472811 0.04188219 0.1525432 0.1858315 0.1039386 0.02427202 0.00728089 0.000694272 0.000120639 0.00031768 6.96e-06 0 0 0 0 0 0 0 0 0
1998 1 4 2 2 0 1 100 0 0 0.002279124 0.039597344 0.14435228 0.1796168 0.092283 0.02757255 0.00505145 0.001591538 0.000165664 3.45e-05 0 0 0 0 0 0 0 0 0 0
1999 1 4 2 2 0 1 100 0 0 0.000228322 0.01691929 0.1064362 0.1627048 0.0915384 0.03251956 0.00947247 0.00441993 0.000525888 0.000117669 0 0 0 0 0 0 0 0 0 0
2000 1 4 2 2 0 1 100 0 0 0.00074789 0.01769133 0.0916848 0.2022967 0.1575735 0.0397142 0.01130038 0.006142775 0.000194009 6.1951e-05 8.99e-06 0 0 0 0 0 0 0 0 0
2001 1 4 2 2 0 1 100 0 0 0.000482047 0.00493171 0.039996 0.1422313 0.1269365 0.0385148 0.01359271 0.00332899 0.00018524 2.91e-05 0 0 0 0 0 0 0 0 0 0
2002 1 4 2 2 0 1 100 0 0 2.46e-05 0.003998093 0.06329399 0.1599032 0.0874641 0.04023323 0.01692791 0.002528197 0.000218579 0.000151559 3.7573e-05 0 1.94e-05 1.94e-05 3.88e-05 0 0 0 0 0
2003 1 4 2 2 0 1 100 0 2.61e-05 7.47e-06 0.003899128 0.06373048 0.1100795 0.0825709 0.02379331 0.01164812 0.001019985 0.000160464 5.37e-05 1.18e-05 0 0 0 0 0 0 0 0 0
2004 1 4 2 2 0 1 100 0 0.00028176 0.009867331 0.01999368 0.05291 0.0866044 0.0489999 0.016319 0.00550273 0.000658788 0.0002366 5.67e-05 1.36e-05 0 4.27e-06 0 0 0 0 0 0 0
2005 1 4 2 2 0 1 100 0 0 0.000476885 0.01071527 0.03915719 0.096896 0.0666304 0.01915517 0.00471411 0.002760833 0.000477688 5.14e-05 9.74e-06 0 0 0 0 0 0 0 0 0
2006 1 4 2 2 0 1 100 0 0 6.49e-05 0.001565817 0.02109436 0.0703375 0.0809127 0.0568565 0.02170535 0.00607423 0.000889902 0.000385502 0 0 0 0 0 0 0 0 0 0
2007 1 4 2 2 0 1 100 0 0 0.000127547 0.011369934 0.0394078 0.0919995 0.0689482 0.0318764 0.02462481 0.01563442 0.00244723 0.000279141 8.7e-05 0 0 0 0 0 0 0 0 0
2008 1 4 2 2 0 1 100 0 0 7.5e-05 0.019128136 0.0398735 0.1020381 0.07573 0.0661909 0.0434517 0.0133554 0.001259755 0.000148198 2.79e-05 0 1.47e-05 0 8.65e-06 0 0 0 0 0
2009 1 4 2 2 0 1 100 0 0 5.31e-05 0.00385496 0.0266867 0.0791057 0.061908 0.03945303 0.02554402 0.009203165 0.001757721 0.00011779 9.62e-05 8.95e-06 9.15e-06 0 0 0 0 0 0 0
2010 1 4 2 2 0 1 100 0 0 0.001180684 0.0343415 0.0427016 0.0851022 0.049617 0.01723748 0.00805667 0.001574059 0.00012533 2.53e-05 6.09e-06 0 0 0 0 0 0 0 0 0
2011 1 4 2 2 0 1 100 0 1.49e-05 2.18e-05 0.02820358 0.1110993 0.2073079 0.1036688 0.03256359 0.01219587 0.00295766 0.000243451 1.77e-05 9.31e-06 4.23e-06 3.05e-06 0 0 0 0 0 0 0
2012 1 4 2 2 0 1 100 0 4.58e-05 0.002409767 0.02823706 0.1365586 0.1891128 0.0963104 0.02652857 0.01301558 0.00771203 0.00301864 0.000306032 3.07e-05 4.55e-05 0 5.08e-06 0 0 0 0 0 0
2013 1 4 2 2 0 1 100 6.18e-06 0.001795325 0.000733816 0.03259207 0.1157507 0.192255 0.087205 0.0367353 0.02211524 0.01487509 0.003558517 0.000577047 0.000130027 1.25e-05 0 0 0 0 0 0 0 0
2014 1 4 2 2 0 1 100 0 0 0.000463827 0.02492479 0.0696182 0.120199 0.074399 0.0264601 0.0250442 0.02002069 0.005178659 0.000496062 0.00029703 3.94e-05 0 1.16e-05 0 0 0 0 0 0
2015 1 4 2 2 0 1 100 0 0 0.000252327 0.009980638 0.04497381 0.0928607 0.0653066 0.02902458 0.02278386 0.019763401 0.005754516 0.000950069 7.85e-05 0 0 0 0 0 0 0 0 0
2016 1 4 2 2 0 1 100 0 0 3.45e-05 0.01012658 0.02199713 0.0529428 0.03346241 0.01613146 0.01277006 0.007804554 0.00194233 0.000318399 8.53e-05 0 0 0 0 0 0 0 0 0
2017 1 4 2 2 0 1 100 0 0 0.005426999 0.04276009 0.0645853 0.07984 0.0423367 0.01272471 0.00586714 0.001358798 0.000329759 2.93e-05 3.4e-06 0.000232515 0 0 0 0 0 0 0 0
2018 1 4 2 2 0 1 100 1.42e-05 2.29e-06 0.000843977 0.0295648 0.0949984 0.1002402 0.0359154 0.01214187 0.00520076 0.000535108 0.000117431 1.01e-05 0 1.9e-05 0 0 0 0 0 0 0 0
2019 1 4 2 2 0 1 100 0 0.000292268 0.002299736 0.043133506 0.22861078 0.380800224 0.154440577 0.045686714 0.017792406 0.004591042 0.000190114 0 0 0 0 0 0 0 0 0 0 0
2021 1 4 2 2 0 1 100 0 0.00286236 0.002416123 0.052887251 0.307794948 0.457761601 0.132358845 0.038754183 0.002787746 0.002052069 5.00183e-05 0.000137099 4.52625e-05 0 9.24928e-05 0 0 0 0 0 0 0

# ** Males_Mature_Discard_NMFS_Trawl_1982_Seas1  ** #
# Year | Season | Fleet | Sex | Type | Shell | Maturity | Nsamp | Data Vector
1982 1 3 1 2 0 1 100 0 0 0 0.000715395 0.00459804 0.01473394 0.0237057 0.024996 0.02266428 0.02481753 0.02600805 0.01879454 0.01390479 0.01100927 0.00945191 0.00784434 0.004050627 0.002441672 0.000934569 0.000644255 0.000262847 0.000133288
1983 1 3 1 2 0 1 100 1.9553e-05 3.79e-05 3.76e-05 0.000495746 0.00383098 0.01195609 0.0222489 0.0260861 0.02330665 0.0213331 0.02058387 0.01824672 0.01855513 0.0181751 0.01405182 0.01016676 0.00730687 0.003639988 0.001443505 0.000750247 0.000257024 6.78e-05
1984 1 3 1 2 0 1 100 1.99e-05 4.53e-05 0 0.003229343 0.01164377 0.01037561 0.01440341 0.01550943 0.01480933 0.0159983 0.0178246 0.01560947 0.01455272 0.01776419 0.01891537 0.01651178 0.01659312 0.01301658 0.008096678 0.004001669 0.001097984 0.00038404
1985 1 3 1 2 0 1 100 0 0 0 0.005236598 0.007687759 0.00957537 0.01343338 0.01588318 0.0117129 0.01332532 0.01738176 0.0165541 0.01673751 0.01726759 0.01912157 0.02166981 0.02174294 0.02046074 0.014302587 0.007405339 0.001609141 0.000462611
1986 1 3 1 2 0 1 100 0 2.39e-05 1.62e-05 0.003458551 0.006579193 0.011805191 0.01516861 0.01521456 0.01279407 0.01165273 0.01039479 0.00849219 0.00607986 0.0063721 0.00740388 0.00844839 0.008678 0.00804637 0.00536796 0.003080868 0.000887937 0.000266359
1987 1 3 1 2 0 1 100 0 0 0 0.005635831 0.009281599 0.01070815 0.01442069 0.01251023 0.00851677 0.0072063 0.0069424 0.0052403 0.00424937 0.0049589 0.00499367 0.00513451 0.00420857 0.002943353 0.001986174 0.000978001 0.000334854 8.7915e-05
1988 1 3 1 2 0 1 100 1.53e-05 0 0.000124031 0.003226712 0.009019019 0.01674493 0.01982753 0.01879058 0.01344457 0.01392156 0.01206481 0.00925844 0.00640123 0.00650902 0.00653949 0.00676333 0.00549059 0.004339521 0.003393962 0.002259939 0.001071024 0.000276204

# ** Males_Mature_Discard_NMFS_Trawl_1989_Seas1  ** #
# Year | Season | Fleet | Sex | Type | Shell | Maturity | Nsamp | Data Vector
1989 1 4 1 2 0 1 100 7.64e-06 0.000169021 0.000248503 0.002906972 0.00682588 0.01092242 0.01413506 0.01607682 0.01900235 0.01999642 0.01671892 0.01179665 0.00894008 0.00845443 0.00818653 0.00701679 0.00550945 0.003350392 0.002259744 0.001470886 0.000490446 0.0002519
1990 1 4 1 2 0 1 100 0 0 8.29e-06 0.001389623 0.00412186 0.00867058 0.0121174 0.01262726 0.01224652 0.01280381 0.01265188 0.01193173 0.01234658 0.01841986 0.02168836 0.02028047 0.01486485 0.009989744 0.0075955 0.003855493 0.001385984 0.000756098
1991 1 4 1 2 0 1 100 2.01e-05 0 0 0.002535808 0.00618102 0.007013707 0.01134107 0.01220096 0.00918471 0.00734729 0.00735359 0.00680097 0.00780619 0.01105662 0.01040867 0.00898656 0.00839473 0.01038046 0.008588686 0.006648509 0.002886788 0.001548298
1992 1 4 1 2 0 1 100 7.08e-06 0 0.000217581 0.005372624 0.012921496 0.00887243 0.00675174 0.00775677 0.00725151 0.00628277 0.00743115 0.00613099 0.00552109 0.00573818 0.00591083 0.0065162 0.00694434 0.0072786 0.00616137 0.004209257 0.001645098 0.000845203
1993 1 4 1 2 0 1 100 4.81e-06 0 0.000204726 0.005284842 0.01185135 0.01634675 0.01579975 0.01196551 0.007067 0.00527617 0.00433104 0.00320817 0.00259489 0.00276596 0.00305757 0.00328478 0.00279964 0.002695523 0.002212437 0.001354961 0.000471816 0.00029977
1994 1 4 1 2 0 1 100 0 0.000471396 0.00152972 0.00584043 0.00897067 0.01504799 0.01870911 0.01749286 0.01382192 0.01134804 0.00860422 0.00543123 0.00333556 0.00289055 0.00217883 0.00240876 0.001787687 0.001600877 0.001424395 0.000900346 0.000424941 0.0001478
1995 1 4 1 2 0 1 100 0 0 0.000697993 0.0034153 0.00989174 0.01949756 0.02314638 0.02773629 0.0234418 0.02173667 0.01529875 0.00974453 0.00667876 0.00519501 0.00434428 0.00343508 0.002176722 0.001615804 0.001195708 0.000630202 0.000202743 6.28e-05
1996 1 4 1 2 0 1 100 0 1.83e-05 0.000176427 0.002127635 0.00567072 0.01087716 0.01993676 0.0281026 0.0302815 0.0295496 0.02818978 0.02120318 0.0172545 0.01678447 0.01371703 0.01248006 0.00969655 0.00612136 0.00328717 0.001609129 0.000566644 0.000257606
1997 1 4 1 2 0 1 100 2.75e-05 0 0 0.000419625 0.002107496 0.00515426 0.00868419 0.01597334 0.01997848 0.0265404 0.0260252 0.0237055 0.022008 0.02131957 0.02117558 0.01988144 0.01924786 0.01658137 0.011101538 0.006451197 0.002779594 0.001093347
1998 1 4 1 2 0 1 100 2.75e-05 0 1.36e-05 0.001164223 0.00582139 0.006209103 0.00890741 0.01127599 0.01358163 0.01387863 0.0137172 0.01327288 0.01402288 0.0157569 0.01729332 0.01898161 0.018685 0.01754368 0.0119075 0.00719061 0.002491207 0.000930529
1999 1 4 1 2 0 1 100 0.000175885 0.00028681 3.06e-05 0.001260816 0.004091068 0.0081937 0.01271882 0.01776749 0.01693715 0.01560499 0.01452504 0.01413579 0.01425796 0.01676683 0.02109827 0.01828212 0.01555833 0.01520599 0.01140666 0.00730783 0.00306567 0.001186247
2000 1 4 1 2 0 1 100 1.67e-05 7.67e-05 0.000171035 0.00391666 0.00798012 0.01369158 0.01643586 0.01399394 0.00863271 0.00750123 0.00741088 0.00644964 0.0066686 0.006816117 0.007775392 0.00786878 0.00574 0.00543193 0.00367083 0.002185599 0.000588796 0.000332519
2001 1 4 1 2 0 1 100 0 0 0.000184319 0.003254814 0.003216434 0.01115726 0.01861476 0.02731439 0.02874562 0.02539942 0.01956315 0.01214099 0.00801126 0.00867316 0.00768954 0.00809626 0.0059246 0.00482655 0.002848912 0.001532291 0.00073678 0.000268304
2002 1 4 1 2 0 1 100 0 0 4.29e-05 0.001800441 0.003915113 0.01130919 0.01524318 0.0222977 0.0223172 0.0271861 0.02237707 0.02010563 0.02071236 0.02064298 0.01969782 0.01892624 0.01523865 0.00994774 0.00506448 0.00322451 0.00098349 0.000301749
2003 1 4 1 2 0 1 100 0 2.22e-05 0 0.003196693 0.012923646 0.011408479 0.011553255 0.01085168 0.01194074 0.01116851 0.01049539 0.00881332 0.00777232 0.00857858 0.00865158 0.00736249 0.00670386 0.00546224 0.003368331 0.001873379 0.000452947 0.000124847
2004 1 4 1 2 0 1 100 7.28e-05 7.67e-05 0.00053884 0.003724299 0.006911521 0.01120283 0.01137156 0.01512455 0.00966699 0.00541434 0.00492764 0.00408919 0.003192606 0.00404876 0.00374825 0.00349742 0.00336884 0.003145612 0.002633339 0.002099031 0.000648192 0.000307122
2005 1 4 1 2 0 1 100 4.99e-05 1.18e-05 0 0.002859124 0.007501038 0.010702382 0.01385681 0.02333634 0.01970699 0.01211296 0.00887925 0.00903237 0.00812044 0.00504663 0.00349556 0.00319887 0.00272966 0.00294662 0.00254477 0.001768555 0.001105648 0.000428395
2006 1 4 1 2 0 1 100 0.000470785 0.000941535 0.000155871 0.003920522 0.005187489 0.00712943 0.01311927 0.02170787 0.01904204 0.01644483 0.01350829 0.01384887 0.01040011 0.00820249 0.00819896 0.01078511 0.01260423 0.01087991 0.00548445 0.00249052 0.001468935 0.000421229
2007 1 4 1 2 0 1 100 0 0 0 0.001873709 0.00819391 0.01803918 0.01785253 0.01952337 0.01471448 0.01377639 0.01334747 0.01403654 0.01250196 0.01269555 0.0114461 0.01276309 0.01388455 0.01011571 0.00589531 0.002439023 0.000876148 0.000208951
2008 1 4 1 2 0 1 100 0 4.14e-05 0 0.001241636 0.002924849 0.00791407 0.01636698 0.02444052 0.02772169 0.027395 0.01944537 0.01367336 0.01267223 0.01212042 0.0127633 0.01549459 0.01427119 0.01229337 0.00603818 0.003405685 0.001254463 0.000626297
2009 1 4 1 2 0 1 100 0 0 0 0.002229908 0.006387384 0.00760981 0.0096056 0.01211755 0.00999291 0.01089498 0.01071908 0.01049089 0.01025879 0.01059357 0.01276781 0.01276084 0.01152749 0.00819998 0.00636866 0.004866039 0.001698212 0.000758165
2010 1 4 1 2 0 1 100 0 0 2.94e-05 0.003389673 0.01427575 0.01636266 0.00982564 0.01185469 0.00546908 0.00533989 0.00566894 0.002886386 0.003609561 0.00276244 0.00322524 0.00374135 0.00374899 0.003841945 0.003622828 0.002572594 0.001183941 0.000425667
2011 1 4 1 2 0 1 100 0 0.000145743 7.12e-06 0.00197094 0.004835472 0.00880298 0.01352179 0.01475358 0.01129303 0.00736687 0.0064581 0.00409402 0.00298693 0.00299636 0.0038363 0.00416638 0.00496634 0.00489807 0.00478571 0.00349335 0.001248053 0.000596029
2012 1 4 1 2 0 1 100 0 7.47e-06 0.000129527 0.0026827 0.00544892 0.0083968 0.01142447 0.01344001 0.01172092 0.01024016 0.00785551 0.00629385 0.00405838 0.00268037 0.0037688 0.00425677 0.00372203 0.00348211 0.002821165 0.001849168 0.000950519 0.000360097
2013 1 4 1 2 0 1 100 0 6.68e-05 9.76e-05 0.001413417 0.004276551 0.00668578 0.00823014 0.00832944 0.00688276 0.0077612 0.00885186 0.00748829 0.0052946 0.00345043 0.00459297 0.00495397 0.0045616 0.00329066 0.00239475 0.001468158 0.000534657 0.000320836
2014 1 4 1 2 0 1 100 0 4.47e-06 5.44e-06 0.001587664 0.007715547 0.006327774 0.011124 0.01549107 0.0119291 0.01087172 0.01003663 0.00724746 0.00533498 0.00500129 0.00629459 0.00834043 0.00842686 0.00507065 0.003800884 0.002096241 0.000796853 0.000280023
2015 1 4 1 2 0 1 100 0 1.09e-05 0.00010142 0.003437111 0.004136025 0.005058451 0.00774866 0.00778863 0.00723241 0.00658887 0.00610558 0.00541071 0.00394529 0.00349187 0.0037873 0.00356816 0.00312048 0.00228844 0.001941615 0.001721301 0.00097553 0.000576656
2016 1 4 1 2 0 1 100 0 0 8.08e-05 0.006120958 0.011092245 0.008827908 0.00642359 0.00530206 0.00337357 0.0035396 0.00387707 0.00349053 0.0031525 0.002575216 0.002531382 0.002345382 0.001952879 0.001340059 0.000937114 0.000510714 0.000297928 0.000233912
2017 1 4 1 2 0 1 100 0 0 3.37e-06 0.007323365 0.011770628 0.010596164 0.01233414 0.01019852 0.00607241 0.00501137 0.00432304 0.00237014 0.001779719 0.001247453 0.001473234 0.001443055 0.001224473 0.000977696 0.000561649 0.000302249 0.000152729 3.09e-05
2018 1 4 1 2 0 1 100 0 2.33e-06 2.94e-05 0.003877062 0.01240101 0.02458453 0.02554343 0.02085545 0.01309665 0.00966548 0.00765076 0.005446634 0.003202116 0.002612093 0.002124895 0.002014265 0.001286292 0.00071415 0.000351133 0.000184716 9.7095e-05 4.51e-05
2019 1 4 1 2 0 1 100 0 0 0.000316139 0.005281089 0.033797896 0.065671416 0.093456637 0.11571058 0.121428184 0.137231949 0.128171018 0.08954018 0.059943606 0.048827389 0.036438496 0.0290241 0.017829314 0.009035911 0.004659675 0.002113226 0.001206178 0.000317017
2021 1 4 1 2 0 1 100 2.08e-05 0.00016 0.000453 0.000752 0.00204 0.00583 0.00826 0.0131 0.0169 0.0253 0.0348 0.037 0.0329 0.028 0.0216 0.015 0.00842 0.00524 0.0017 0.000556 0.000143 5.92e-05

# ** Males_Females__Mature_Discard_BSFRF_2009_Seas1  ** #
# Year | Season | Fleet | Sex | Type | Shell | Maturity | Nsamp | Data Vector
2009 1 5 1 2 0 1 100 0 0 0 0.001238947 0.000863698 0.003541424 0.013832538 0.040572165 0.061263678 0.078212734 0.083598598 0.08387656 0.094884929 0.120534571 0.125000136 0.111366863 0.065795705 0.046040002 0.027618562 0.023329151 0.010734941 0.0076948
2009 1 5 2 2 0 1 100 0.005244473 0.027968646 0.061469755 0.058928557 0.058916633 0.206907532 0.235966912 0.215468783 0.103766741 0.01778026 0.004575706 0.002301392 0.00070461 0 0 0 0 0 0 0 0 0

# ** Males_Females__Mature_Discard_NMFS_2009_Seas1  ** #
# Year | Season | Fleet | Sex | Type | Shell | Maturity | Nsamp | Data Vector
2009 1 6 1 2 0 1 100 0 0 0 0.001214828 0.000443192 0.002102358 0.009233429 0.02362759 0.030123358 0.063721265 0.066604129 0.057802771 0.077791272 0.111177899 0.125339991 0.096670341 0.094776647 0.064544205 0.063722833 0.058146179 0.035320778 0.017636936
2009 1 6 2 2 0 1 100 7.57e-05 0.000557172 0.004940749 0.017821048 0.080461649 0.311844431 0.339763322 0.169157587 0.056882959 0.014807228 0.002834872 0.000590569 0.000262684 0 0 0 0 0 0 0 0 0

# ** Males_Females__BothMat_Discard_BSFRF_2010_Seas1  ** #
# Year | Season | Fleet | Sex | Type | Shell | Maturity | Nsamp | Data Vector
2010 1 7 1 2 0 0 100 0.072979352 0.056036062 0.048133957 0.088344894 0.164039913 0.155726159 0.083859452 0.071995111 0.048674592 0.039098872 0.029999875 0.021699688 0.018976497 0.021962859 0.022602993 0.019086628 0.014781185 0.010093492 0.007298429 0.003006989 0.001465856 0.000137143
2010 1 7 2 2 0 0 100 0.110213977 0.073524426 0.061011145 0.175944422 0.213832402 0.189988868 0.118321633 0.036878488 0.016100333 0.003480034 0.000576815 0.000127459 0 0 0 0 0 0 0 0 0 0

# ** Males_Females__BothMat_Discard_NMFS_2010_Seas1  ** #
# Year | Season | Fleet | Sex | Type | Shell | Maturity | Nsamp | Data Vector
2010 1 8 1 2 0 0 100 0.013305258 0.03465644 0.042476199 0.133925083 0.232818136 0.180317982 0.092515571 0.072463889 0.027665737 0.027159881 0.026279654 0.014026628 0.018798187 0.015370712 0.016069646 0.015180421 0.010982202 0.010148068 0.00776998 0.005268418 0.002256744 0.000545166
2010 1 8 2 2 0 0 100 0.011075347 0.021530168 0.048546887 0.236365777 0.316237552 0.200713802 0.112622041 0.033589046 0.016878889 0.002374627 4.43e-05 1.14e-05 1.02e-05 0 0 0 0 0 0 0 0 0
#_-------------------------------------- #

#_-------------------------------------- #
##_Growth data
#_-------------------------------------- #
#_Type of observation (increment or change in size-class)
#_0: no growth data; 1: growth increment data; 2: growth size-class data; 3: growth size-class values
1 
#_Number of observation
110 
#_************************************** #
#          ** GROWTH DATA **
#_Sex: 0 = both; 1 = male; 2 = female
#_Premolt: premolt size
#_Molt_Inc: size-increment
#_Size_rel: size-at-release
#_Size_Recap: size-at-recapture
#_T_at_sea: time-at-liberty
#_Recap_Year: year of recapture
#_Number: sample size

#_If growth increment data
#_Premolt_| Sex_| Molt_Inc_| CV ##

#_If growth size-class data
#_Size_rel_| Size_Recap_| T_at_sea ##

#_If growth size-class values
#_Size_rel_| sex_| Size_Recap_| T_at_sea_| fleet_| Recap_Year_| Number ##
#_************************************** #
#_Premolt_| Sex_| Molt_Inc_| CV ##
16.1 1 6.9 0.03
19.2 1 7.4 0.03
19.8 1 6.7 0.03
20 1 6.3 0.03
20 1 6.3 0.03
20.1 1 7.9 0.03
20.3 1 6.1 0.03
20.6 1 8.3 0.03
20.7 1 7 0.03
20.7 1 8.5 0.03
21 1 6.8 0.03
21.23 1 5.18 0.03
21.9 1 6.5 0.03
22.2 1 5.9 0.03
23.48 1 4.79 0.03
24 1 8.3 0.03
25.2 1 7.6 0.03
25.6 1 5.8 0.03
25.9 1 5.2 0.03
26 1 6.2 0.03
29.9 1 10 0.03
30.3 1 10 0.03
30.7 1 9.8 0.03
44.2 1 14.5 0.03
44.7 1 12.6 0.03
56.5 1 13.5 0.03
57 1 13 0.03
57.63 1 10.97 0.03
58.7 1 13.8 0.03
59.3 1 15.8 0.03
60.3 1 14.8 0.03
60.8 1 17.6 0.03
62.3 1 19.5 0.03
64 1 20.7 0.03
64.7 1 18 0.03
67.6 1 18.4 0.03
67.9 1 17.4 0.03
74.5 1 19.4 0.03
79.9 1 17.9 0.03
89.8 1 20.2 0.03
89.9 1 22.2 0.03
89.9 1 22.4 0.03
93.8 1 23.8 0.03
18.6 2 6.6 0.03
19.3 2 5.9 0.03
19.37 2 4.87 0.03
19.8 2 7.1 0.03
20.2 2 4.7 0.03
20.3 2 5.9 0.03
20.4 2 6 0.03
20.4 2 6.3 0.03
20.6 2 4.5 0.03
20.7 2 6.3 0.03
20.7 2 6.7 0.03
20.8 2 6.5 0.03
20.8 2 6.5 0.03
20.8 2 6.8 0.03
21.25 2 7.48 0.03
21.4 2 6.6 0.03
21.6 2 6.1 0.03
21.94 2 6.77 0.03
22 2 6.2 0.03
22.2 2 7.5 0.03
22.3 2 7.1 0.03
22.8 2 6.8 0.03
22.8 2 7.4 0.03
22.9 2 5.7 0.03
23 2 8.2 0.03
23.09 2 6.17 0.03
24.2 2 6.7 0.03
24.2 2 7.2 0.03
24.4 2 6.3 0.03
25.2 2 6.8 0.03
25.4 2 6.3 0.03
25.5 2 9.1 0.03
25.5 2 7.4 0.03
25.7 2 6.8 0.03
25.9 2 6.8 0.03
26 2 7.1 0.03
26.2 2 6.4 0.03
26.4 2 5.4 0.03
26.5 2 7.4 0.03
26.9 2 7.5 0.03
26.9 2 7.6 0.03
27.4 2 7.7 0.03
27.5 2 7.3 0.03
28.1 2 6.4 0.03
28.2 2 8.02 0.03
28.2 2 7.6 0.03
28.7 2 8.4 0.03
28.7 2 7.3 0.03
29 2 7.7 0.03
29.1 2 9.3 0.03
29.4 2 7.3 0.03
29.5 2 8.9 0.03
30.9 2 7.5 0.03
32.8 2 12.1 0.03
34.9 2 9.9 0.03
35.3 2 12.3 0.03
38.3 2 12.6 0.03
38.9 2 14.1 0.03
41 2 14.8 0.03
42.1 2 12.5 0.03
44.2 2 15.3 0.03
44.3 2 15 0.03
44.8 2 14.9 0.03
45.2 2 14.4 0.03
46.9 2 13.5 0.03
47 2 14.4 0.03
47.9 2 13.5 0.03
#_-------------------------------------- #

#_-------------------------------------- #
##_Environmental data
#_-------------------------------------- #

#_Number of environmental time series (different indices)
0 
#_Year ranges for each index (One line per index - From 1 to N env indices)
#_Start_year_| End_year

#_Environmental Indices
#_Index_| Year_| Value

#_-------------------------------------- #

#_-------------------------------------- #
##_End of data file
#_-------------------------------------- #
9999
