#========================================================================================================
 # Gmacs Main Data File
1960 # Start year
2021 # End year
6 # Number of seasons
2 # Number of distinct data groups (fleet, among fishing fleets and surveys)
1 # Number of sexes
1 # Number of shell condition types
1 # Number of maturity types
17 # Number of size-classes in the model
6 # Season recruitment occurs
6 # Season molting and growth occurs
5 # Season to calculate SSB (changed to match Feb mating)
1 # Season for N output
# maximum size-class (males then females)
 17
# size_breaks (a vector giving the break points between size intervals with dimension nclass+1)
 103 108 113 118 123 128 133 138 143 148 153 158 163 168 173 178 183
# Natural mortality per season input type (1 = vector by season, 2 = matrix by season/year)
2
# Proportion of the total natural mortality to be applied each season
 0 0.166667 0 0.460731 0 0.372603
 0 0.166667 0 0.460731 0 0.372603
 0 0.166667 0 0.460731 0 0.372603
 0 0.166667 0 0.460731 0 0.372603
 0 0.166667 0 0.460731 0 0.372603
 0 0.166667 0 0.460731 0 0.372603
 0 0.166667 0 0.460731 0 0.372603
 0 0.166667 0 0.460731 0 0.372603
 0 0.166667 0 0.460731 0 0.372603
 0 0.166667 0 0.460731 0 0.372603
 0 0.166667 0 0.460731 0 0.372603
 0 0.166667 0 0.460731 0 0.372603
 0 0.166667 0 0.460731 0 0.372603
 0 0.166667 0 0.460731 0 0.372603
 0 0.166667 0 0.460731 0 0.372603
 0 0.166667 0 0.460731 0 0.372603
 0 0.166667 0 0.460731 0 0.372603
 0 0.166667 0 0.460731 0 0.372603
 0 0.166667 0 0.460731 0 0.372603
 0 0.166667 0 0.460731 0 0.372603
 0 0.166667 0 0.460731 0 0.372603
 0 0.441096 0 0.186301 0 0.372603
 0 0.483562 0 0.143836 0 0.372603
 0 0.483562 0 0.143836 0 0.372603
 0 0.315068 0 0.312329 0 0.372603
 0 0.168493 0 0.458904 0 0.372603
 0 0.252055 0 0.375342 0 0.372603
 0 0.0876712 0 0.539726 0 0.372603
 0 0.3 0 0.327397 0 0.372603
 0 0.4 0 0.227397 0 0.372603
 0 0.265753 0 0.361644 0 0.372603
 0 0.273973 0 0.353425 0 0.372603
 0 0.276712 0 0.350685 0 0.372603
 0 0.419178 0 0.208219 0 0.372603
 0 0.249315 0 0.378082 0 0.372603
 0 0.223288 0 0.40411 0 0.372603
 0 0.328767 0 0.29863 0 0.372603
 0 0.286301 0 0.341096 0 0.372603
 0 0.263014 0 0.364384 0 0.372603
 0 0.245205 0 0.382192 0 0.372603
 0 0.179452 0 0.447945 0 0.372603
 0 0.160274 0 0.467123 0 0.372603
 0 0.156164 0 0.471233 0 0.372603
 0 0.157534 0 0.469863 0 0.372603
 0 0.143836 0 0.483562 0 0.372603
 0 0.432877 0 0.194521 0 0.372603
 0 0.331507 0 0.29589 0 0.372603
 0 0.368493 0 0.258904 0 0.372603
 0 0.30274 0 0.324658 0 0.372603
 0 0.327397 0 0.3 0 0.372603
 0 0.293151 0 0.334247 0 0.372603
 0 0.263014 0 0.364384 0 0.372603
 0 0.275342 0 0.352055 0 0.372603
 0 0.272603 0 0.354795 0 0.372603
 0 0.247945 0 0.379452 0 0.372603
 0 0.228767 0 0.39863 0 0.372603
 0 0.420548 0 0.206849 0 0.372603
 0 0.409589 0 0.217808 0 0.372603
 0 0.349315 0 0.278082 0 0.372603
 0 0.327397 0 0.3 0 0.372603
 0 0.365753 0 0.261644 0 0.372603
 0 0.294521 0 0.332877 0 0.372603

# Fishing fleet and survey names
Pot_Fishery
Trawl_Bycatch
# Are the seasons instantaneous (0) or continuous (1)
 1 1 1 1 1 1
# Number of catch data frames
3
# Number of rows in each data frame
 41 31 32


##  CATCH DATA
##  Type of catch: 1 = retained, 2 = discard
##  Units of catch: 1 = biomass, 2 = numbers
# year  seas    fleet   sex     obs     cv      type    units   mult    effort  discard_mortality # original
1981	 3	 1	 1	 203.974	 0.0316	 1	 2	 1	 0	 0.2	  # 203.968
1982	 3	 1	 1	 529.84	 0.0316	 1	 2	 1	 0	 0.2	  # 529.787
1983	 3	 1	 1	 662.382	 0.0316	 1	 2	 1	 0	 0.2	  # 662.28
1984	 3	 1	 1	 801.266	 0.0316	 1	 2	 1	 0	 0.2	  # 801.1
1985	 3	 1	 1	 2730.65	 0.0316	 1	 1	 1	 0	 0.2	  # 2730.32
1986	 3	 1	 1	 2844.01	 0.0316	 1	 1	 1	 0	 0.2	  # 2844.91
1987	 3	 1	 1	 1907.27	 0.0316	 1	 1	 1	 0	 0.2	  # 1908.79
1988	 3	 1	 1	 2420.93	 0.0316	 1	 1	 1	 0	 0.2	  # 2423.6
1989	 3	 1	 1	 2776.14	 0.0316	 1	 1	 1	 0	 0.2	  # 2776.77
1990	 3	 1	 1	 1639.39	 0.0316	 1	 1	 1	 0	 0.2	  # 1637.48
1991	 3	 1	 1	 2036.94	 0.0316	 1	 1	 1	 0	 0.2	  # 2026.35
1992	 3	 1	 1	 2127.58	 0.0316	 1	 1	 1	 0	 0.2	  # 2125.04
1993	 3	 1	 1	 1420.69	 0.0316	 1	 1	 1	 0	 0.2	  # 1420.58
1994	 3	 1	 1	 2037.4	 0.0316	 1	 1	 1	 0	 0.2	  # 2038.35
1995	 3	 1	 1	 2248.95	 0.0316	 1	 1	 1	 0	 0.2	  # 2224.01
1996	 3	 1	 1	 1566.3	 0.0316	 1	 1	 1	 0	 0.2	  # 1624.07
1997	 3	 1	 1	 1491.72	 0.0316	 1	 1	 1	 0	 0.2	  # 1481.02
1998	 3	 1	 1	 1430.68	 0.0316	 1	 1	 1	 0	 0.2	  # 1414.76
1999	 3	 1	 1	 1338.69	 0.0316	 1	 1	 1	 0	 0.2	  # 1334.88
2000	 3	 1	 1	 1380.12	 0.0316	 1	 1	 1	 0	 0.2	  # 1359.49
2001	 3	 1	 1	 1395.25	 0.0316	 1	 1	 1	 0	 0.2	  # 1401.42
2002	 3	 1	 1	 1243.21	 0.0316	 1	 1	 1	 0	 0.2	  # 1243.19
2003	 3	 1	 1	 1295.89	 0.0316	 1	 1	 1	 0	 0.2	  # 1297.26
2004	 3	 1	 1	 1264.85	 0.0316	 1	 1	 1	 0	 0.2	  # 1269.73
2005	 3	 1	 1	 1277.95	 0.0316	 1	 1	 1	 0	 0.2	  # 1272.16
2006	 3	 1	 1	 1386.47	 0.0316	 1	 1	 1	 0	 0.2	  # 1389.5
2007	 3	 1	 1	 1332.09	 0.0316	 1	 1	 1	 0	 0.2	  # 1329.37
2008	 3	 1	 1	 1421.78	 0.0316	 1	 1	 1	 0	 0.2	  # 1421.86
2009	 3	 1	 1	 1446.7	 0.0316	 1	 1	 1	 0	 0.2	  # 1448.28
2010	 3	 1	 1	 1411.26	 0.0316	 1	 1	 1	 0	 0.2	  # 1412.73
2011	 3	 1	 1	 1442.8	 0.0316	 1	 1	 1	 0	 0.2	  # 1444.36
2012	 3	 1	 1	 1499.49	 0.0316	 1	 1	 1	 0	 0.2	  # 1499.29
2013	 3	 1	 1	 1544.98	 0.0316	 1	 1	 1	 0	 0.2	  # 1546.08
2014	 3	 1	 1	 1553.55	 0.0316	 1	 1	 1	 0	 0.2	  # 1553.36
2015	 3	 1	 1	 1694.11	 0.0316	 1	 1	 1	 0	 0.2	  # 1692.9
2016	 3	 1	 1	 1661.42	 0.0316	 1	 1	 1	 0	 0.2	  # 1658.66
2017	 3	 1	 1	 1624.66	 0.0316	 1	 1	 1	 0	 0.2	  # 1620.86
2018	 3	 1	 1	 1869.21	 0.0316	 1	 1	 1	 0	 0.2	  # 1865.11
2019	 3	 1	 1	 2072.4	 0.0316	 1	 1	 1	 0	 0.2	  # 2067.47
2020	 3	 1	 1	 1740.37	 0.0316	 1	 1	 1	 0	 0.2	  # 1735.37
2021	 3	 1	 1	 1786.69	 0.0316	 1	 1	 1	 0	 0.2	  # 1784.08
1990	 3	 1	 1	 3455.94	 0.358894	 0	 1	 1	 0	 0.2	  # 3980.73
1991	 3	 1	 1	 4321.13	 0.212951	 0	 1	 1	 0	 0.2	  # 6596.74
1992	 3	 1	 1	 4542.26	 0.296059	 0	 1	 1	 0	 0.2	  # 5435.64
1994	 3	 1	 1	 3776.38	 0.375117	 0	 1	 1	 0	 0.2	  # 3444.23
1995	 3	 1	 1	 4323.19	 0.0511941	 0	 1	 1	 0	 0.2	  # 4640.82
1996	 3	 1	 1	 2965.57	 0.0447437	 0	 1	 1	 0	 0.2	  # 2563.32
1997	 3	 1	 1	 2887.32	 0.0598892	 0	 1	 1	 0	 0.2	  # 2976.8
1998	 3	 1	 1	 2896.49	 0.0680779	 0	 1	 1	 0	 0.2	  # 3140.99
1999	 3	 1	 1	 2591.28	 0.0659634	 0	 1	 1	 0	 0.2	  # 2605.62
2000	 3	 1	 1	 2527.23	 0.057628	 0	 1	 1	 0	 0.2	  # 2759.91
2001	 3	 1	 1	 2321.65	 0.0601739	 0	 1	 1	 0	 0.2	  # 2237.55
2002	 3	 1	 1	 1921.12	 0.0648833	 0	 1	 1	 0	 0.2	  # 1915.66
2003	 3	 1	 1	 1918.28	 0.0650473	 0	 1	 1	 0	 0.2	  # 1901.61
2004	 3	 1	 1	 1787.18	 0.0872246	 0	 1	 1	 0	 0.2	  # 1694.87
2005	 3	 1	 1	 1500.05	 0.118801	 0	 1	 1	 0	 0.2	  # 1742.04
2006	 3	 1	 1	 1687.46	 0.123872	 0	 1	 1	 0	 0.2	  # 1646.83
2007	 3	 1	 1	 1627.62	 0.129979	 0	 1	 1	 0	 0.2	  # 1819.86
2008	 3	 1	 1	 1715.91	 0.166286	 0	 1	 1	 0	 0.2	  # 1823.51
2009	 3	 1	 1	 1755.47	 0.204528	 0	 1	 1	 0	 0.2	  # 1770.08
2010	 3	 1	 1	 1706.54	 0.197721	 0	 1	 1	 0	 0.2	  # 1756.66
2011	 3	 1	 1	 1720.95	 0.217727	 0	 1	 1	 0	 0.2	  # 1780.6
2012	 3	 1	 1	 1774.49	 0.19726	 0	 1	 1	 0	 0.2	  # 1946.59
2013	 3	 1	 1	 1827.07	 0.184593	 0	 1	 1	 0	 0.2	  # 1851.56
2014	 3	 1	 1	 1852.52	 0.213241	 0	 1	 1	 0	 0.2	  # 1967.39
2015	 3	 1	 1	 2083.13	 0.188674	 0	 1	 1	 0	 0.2	  # 2135.81
2016	 3	 1	 1	 2139.19	 0.165739	 0	 1	 1	 0	 0.2	  # 2234.13
2017	 3	 1	 1	 2140.69	 0.170275	 0	 1	 1	 0	 0.2	  # 2339.37
2018	 3	 1	 1	 2491.14	 0.18928	 0	 1	 1	 0	 0.2	  # 2734.63
2019	 3	 1	 1	 2770.44	 0.177334	 0	 1	 1	 0	 0.2	  # 3032.73
2020	 3	 1	 1	 2235.62	 0.172996	 0	 1	 1	 0	 0.2	  # 2608.06
2021	 3	 1	 1	 2190.47	 0.188674	 0	 1	 1	 0	 0.2	  # 2426.95
1989	 3	 2	 1	 1.27293	 1.3108	 2	 1	 1.53846	 0	 0.65	  # 0.826511
1990	 3	 2	 1	 3.99489	 1.3108	 2	 1	 1.53846	 0	 0.65	  # 2.59394
1992	 3	 2	 1	 1.88866	 1.3108	 2	 1	 1.53846	 0	 0.65	  # 1.22658
1993	 3	 2	 1	 1.77655	 1.3108	 2	 1	 1.53846	 0	 0.65	  # 1.15375
1994	 3	 2	 1	 0.55134	 1.3108	 2	 1	 1.53846	 0	 0.65	  # 0.357445
1995	 3	 2	 1	 1.56727	 1.3108	 2	 1	 1.53846	 0	 0.65	  # 1.01804
1996	 3	 2	 1	 0.410247	 1.3108	 2	 1	 1.53846	 0	 0.65	  # 0.265799
1997	 3	 2	 1	 0.165107	 1.3108	 2	 1	 1.53846	 0	 0.65	  # 0.106796
1998	 3	 2	 1	 1.6375	 1.3108	 2	 1	 1.53846	 0	 0.65	  # 1.06278
1999	 3	 2	 1	 0.990369	 1.3108	 2	 1	 1.53846	 0	 0.65	  # 0.642352
2000	 3	 2	 1	 1.73608	 1.3108	 2	 1	 1.53846	 0	 0.65	  # 1.12817
2001	 3	 2	 1	 2.55892	 1.3108	 2	 1	 1.53846	 0	 0.65	  # 1.66704
2002	 3	 2	 1	 3.65114	 1.3108	 2	 1	 1.53846	 0	 0.65	  # 2.38549
2003	 3	 2	 1	 2.01115	 1.3108	 2	 1	 1.53846	 0	 0.65	  # 1.31099
2004	 3	 2	 1	 0.459316	 1.3108	 2	 1	 1.53846	 0	 0.65	  # 0.297833
2005	 3	 2	 1	 2.80839	 1.3108	 2	 1	 1.53846	 0	 0.65	  # 1.83486
2006	 3	 2	 1	 5.05311	 1.3108	 2	 1	 1.53846	 0	 0.65	  # 3.3144
2007	 3	 2	 1	 2.9546	 1.3108	 2	 1	 1.53846	 0	 0.65	  # 1.92908
2008	 3	 2	 1	 6.55212	 1.3108	 2	 1	 1.53846	 0	 0.65	  # 4.30175
2009	 3	 2	 1	 3.15351	 1.3108	 2	 1	 1.53846	 0	 0.65	  # 2.05905
2010	 3	 2	 1	 9.49756	 1.3108	 2	 1	 1.53846	 0	 0.65	  # 6.27075
2011	 3	 2	 1	 8.02142	 1.3108	 2	 1	 1.53846	 0	 0.65	  # 5.2775
2012	 3	 2	 1	 9.3855	 1.3108	 2	 1	 1.53846	 0	 0.65	  # 6.17064
2013	 3	 2	 1	 4.799	 1.3108	 2	 1	 1.53846	 0	 0.65	  # 3.13431
2014	 3	 2	 1	 4.39192	 1.3108	 2	 1	 1.53846	 0	 0.65	  # 2.86222
2015	 3	 2	 1	 1.96585	 1.3108	 2	 1	 1.53846	 0	 0.65	  # 1.27709
2016	 3	 2	 1	 1.5081	 1.3108	 2	 1	 1.53846	 0	 0.65	  # 0.979021
2017	 3	 2	 1	 2.42925	 1.3108	 2	 1	 1.53846	 0	 0.65	  # 1.57796
2018	 3	 2	 1	 2.68184	 1.3108	 2	 1	 1.53846	 0	 0.65	  # 1.74213
2019	 3	 2	 1	 5.97607	 1.3108	 2	 1	 1.53846	 0	 0.65	  # 3.88518
2020	 3	 2	 1	 1.12006	 1.3108	 2	 1	 1.53846	 0	 0.65	  # 0.726643
2021	 3	 2	 1	 2.96469	 1.3108	 2	 1	 1.53846	 0	 0.65	  # 1.92701

##  RELATIVE  ABUNDANCE DATA
## Index: One q is estimated for each index (the number of index values should match nSurveys
## Sex: 1 = male, 2 = female, 0 = both
## Maturity: 1 = mature, 2 = immature, 0 = both
## Units of survey: 1 = biomass, 2 = numbers
##  Number  of  relative  abundance indicies
3
# Type of 'survey' catchability (1=Selectivity; 2=Selectivity+Retention), by data frame
 2 2 2
##  Number of rows in index
41
#Index	Year	Season	Fleet	Sex	Maturity	Value	CV	Type	Time # original
1	 1995	 3	 1	 1	 0	 0.774404	 0.0420335	 2	 0.5	 # 0.879282
1	 1996	 3	 1	 1	 0	 0.727635	 0.0305385	 2	 0.5	 # 0.81585
1	 1997	 3	 1	 1	 0	 0.753706	 0.0270572	 2	 0.5	 # 0.883863
1	 1998	 3	 1	 1	 0	 0.78344	 0.0214522	 2	 0.5	 # 1.01012
1	 1999	 3	 1	 1	 0	 0.906	 0.021086	 2	 0.5	 # 0.986663
1	 2000	 3	 1	 1	 0	 1.06824	 0.0215123	 2	 0.5	 # 0.824119
1	 2001	 3	 1	 1	 0	 1.21083	 0.0202288	 2	 0.5	 # 1.07906
1	 2002	 3	 1	 1	 0	 1.33566	 0.0222414	 2	 0.5	 # 1.17494
1	 2003	 3	 1	 1	 0	 1.37384	 0.0232085	 2	 0.5	 # 1.03229
1	 2004	 3	 1	 1	 0	 1.38701	 0.0227954	 2	 0.5	 # 1.46717
2	 2005	 3	 1	 1	 0	 1.02711	 0.0268521	 2	 0.5	 # 0.970459
2	 2006	 3	 1	 1	 0	 0.998011	 0.0293312	 2	 0.5	 # 0.801227
2	 2007	 3	 1	 1	 0	 1.02118	 0.0246519	 2	 0.5	 # 0.889626
2	 2008	 3	 1	 1	 0	 1.06852	 0.029505	 2	 0.5	 # 0.875644
2	 2009	 3	 1	 1	 0	 1.06191	 0.0430802	 2	 0.5	 # 0.727157
2	 2010	 3	 1	 1	 0	 1.08835	 0.0414434	 2	 0.5	 # 0.749943
2	 2011	 3	 1	 1	 0	 1.10821	 0.0301453	 2	 0.5	 # 1.07854
2	 2012	 3	 1	 1	 0	 1.07857	 0.0286978	 2	 0.5	 # 1.03505
2	 2013	 3	 1	 1	 0	 1.02228	 0.0277613	 2	 0.5	 # 1.00695
2	 2014	 3	 1	 1	 0	 0.957258	 0.0276451	 2	 0.5	 # 1.2936
2	 2015	 3	 1	 1	 0	 0.882599	 0.0248049	 2	 0.5	 # 1.31215
2	 2016	 3	 1	 1	 0	 0.805412	 0.0280643	 2	 0.5	 # 1.02967
2	 2017	 3	 1	 1	 0	 0.838882	 0.0309778	 2	 0.5	 # 1.03498
2	 2018	 3	 1	 1	 0	 0.90724	 0.0279366	 2	 0.5	 # 1.23617
2	 2019	 3	 1	 1	 0	 0.975809	 0.0257605	 2	 0.5	 # 1.14828
2	 2020	 3	 1	 1	 0	 1.08266	 0.0277238	 2	 0.5	 # 1.0553
2	 2021	 3	 1	 1	 0	 1.17635	 0.0336678	 2	 0.5	 # 0.993935
3	 1985	 3	 1	 1	 0	 1.95039	 0.0312565	 2	 0.5	 # 1.62869
3	 1986	 3	 1	 1	 0	 1.51325	 0.038604	 2	 0.5	 # 1.22886
3	 1987	 3	 1	 1	 0	 1.28974	 0.0512235	 2	 0.5	 # 0.955171
3	 1988	 3	 1	 1	 0	 0.952585	 0.0395035	 2	 0.5	 # 1.03577
3	 1989	 3	 1	 1	 0	 0.726831	 0.0317946	 2	 0.5	 # 1.07648
3	 1990	 3	 1	 1	 0	 0.877613	 0.0456491	 2	 0.5	 # 0.986818
3	 1991	 3	 1	 1	 0	 0.886839	 0.0472247	 2	 0.5	 # 0.904619
3	 1992	 3	 1	 1	 0	 0.871351	 0.0473555	 2	 0.5	 # 0.917176
3	 1993	 3	 1	 1	 0	 0.939446	 0.0533258	 2	 0.5	 # 0.914495
3	 1994	 3	 1	 1	 0	 1.00582	 0.051418	 2	 0.5	 # 0.808572
3	 1995	 3	 1	 1	 0	 0.898986	 0.0554098	 2	 0.5	 # 0.77982
3	 1996	 3	 1	 1	 0	 0.844693	 0.0559201	 2	 0.5	 # 0.779121
3	 1997	 3	 1	 1	 0	 0.874958	 0.0428653	 2	 0.5	 # 1.05051
3	 1998	 3	 1	 1	 0	 0.909475	 0.0420098	 2	 0.5	 # 1.2141

##  SIZE-COMPOSITION DATA
#  Number  of  length  frequency matrices
2
##  Number of rows in each matrix
 37 31
##  Number of bins in each matrix (columns of size data)
 17 17
## Sex: 1 = male, 2 = female, 0 = both
## Type of catch: 1 = retained, 2 = discard, 0 = total
## Shell: 1 = newshell, 2 = oldshell, 0 = both
## Maturity: 1 = immature, 2 = mature, 0 = both
## Stage1_EffN: the stage-1 effective sample size (this can be modified in the CTL file)
# Year Season Fleet Sex Type Shell Maturity Stage1_EffN Data
1985	 3	 1	 1	 1	 0	 0	 57	 1.30773e-08	 1.58855e-07	 1.90614e-06	 2.64171e-05	 0.000319287	 0.00236855	 0.0245246	 0.0978086	 0.12736	 0.135862	 0.133349	 0.123542	 0.111753	 0.0925103	 0.0679313	 0.0433406	 0.0393027	 	 # 0	 0	 0	 0	 0	 0.002122	 0.034669	 0.103747	 0.158923	 0.156292	 0.157127	 0.133423	 0.108521	 0.061545	 0.038431	 0.020136	 0.025065	 
1986	 3	 1	 1	 1	 0	 0	 11	 1.12959e-08	 1.38379e-07	 1.74405e-06	 2.6661e-05	 0.000342747	 0.0028691	 0.0299739	 0.116564	 0.146745	 0.148398	 0.135459	 0.116815	 0.0998295	 0.0792555	 0.0565615	 0.0354438	 0.0317152	 	 # 0	 0	 0	 0	 0	 0.000635	 0.030377	 0.143149	 0.183126	 0.212534	 0.136044	 0.114523	 0.075306	 0.038519	 0.039528	 0.016971	 0.009288	 
1987	 3	 1	 1	 1	 0	 0	 61	 2.07698e-08	 2.49853e-07	 2.84479e-06	 3.52116e-05	 0.000400442	 0.002742	 0.0308817	 0.127115	 0.166736	 0.165465	 0.141433	 0.112584	 0.0892044	 0.0664799	 0.0452976	 0.0275455	 0.0240773	 	 # 0	 0	 0.003518	 0	 0.00055	 0.003212	 0.070524	 0.162974	 0.240875	 0.168335	 0.132893	 0.07602	 0.050479	 0.037065	 0.026783	 0.011753	 0.015022	 
1988	 3	 1	 1	 1	 0	 0	 352	 6.70644e-08	 7.99967e-07	 8.7096e-06	 9.50822e-05	 0.000945836	 0.00400648	 0.0390176	 0.14087	 0.171041	 0.170068	 0.14577	 0.112272	 0.0831509	 0.0572952	 0.0365033	 0.0211663	 0.0177886	 	 # 0	 0	 0	 0	 0.00025	 0.004988	 0.043836	 0.121611	 0.173481	 0.179156	 0.161137	 0.13284	 0.073217	 0.043037	 0.025108	 0.020902	 0.020437	 
1989	 3	 1	 1	 1	 0	 0	 792	 2.55617e-08	 3.23733e-07	 4.80615e-06	 9.19062e-05	 0.00124577	 0.0102732	 0.0830046	 0.226447	 0.192877	 0.151765	 0.115689	 0.0822361	 0.0571926	 0.0366953	 0.0216112	 0.011685	 0.00918075	 	 # 0	 0	 0	 6.6e-05	 0.000195	 0.008435	 0.108452	 0.234714	 0.191637	 0.123151	 0.09437	 0.075312	 0.057163	 0.038218	 0.026285	 0.019802	 0.022201	 
1990	 3	 1	 1	 1	 0	 0	 163	 4.24825e-08	 5.08997e-07	 5.70552e-06	 6.87265e-05	 0.000786436	 0.00572822	 0.0659642	 0.245617	 0.26585	 0.18985	 0.105724	 0.0544613	 0.0309313	 0.0176014	 0.00940285	 0.00466905	 0.00334027	 	 # 0	 5.2e-05	 5.2e-05	 0	 0.00034	 0.005531	 0.079874	 0.226018	 0.260315	 0.183031	 0.112587	 0.066439	 0.038093	 0.016649	 0.005442	 0.002781	 0.002796	 
1991	 3	 1	 1	 1	 0	 0	 140	 4.23856e-08	 5.12265e-07	 6.02496e-06	 7.97805e-05	 0.000922341	 0.00611527	 0.0591945	 0.207132	 0.238524	 0.206883	 0.139176	 0.0760979	 0.0372938	 0.016566	 0.00708079	 0.00302645	 0.00190061	 	 # 0	 0	 0	 0	 0.000287	 0.006172	 0.074641	 0.201726	 0.233318	 0.206834	 0.127877	 0.072609	 0.040713	 0.018307	 0.009776	 0.004928	 0.002812	 
1992	 3	 1	 1	 1	 0	 0	 49	 3.74503e-08	 4.543e-07	 5.46765e-06	 7.63332e-05	 0.0009199	 0.00669951	 0.0648325	 0.219064	 0.234627	 0.194583	 0.132899	 0.0773495	 0.0405045	 0.0179837	 0.00686697	 0.00241336	 0.0011745	 	 # 0	 0	 5.6e-05	 0.00012	 0.000452	 0.005204	 0.074976	 0.188394	 0.240279	 0.192046	 0.126742	 0.085203	 0.048454	 0.024934	 0.008597	 0.002697	 0.001846	 
1993	 3	 1	 1	 1	 0	 0	 340	 2.86715e-08	 3.48783e-07	 4.23777e-06	 6.04152e-05	 0.000744881	 0.00578757	 0.059155	 0.214803	 0.241735	 0.200024	 0.133387	 0.0761987	 0.0400392	 0.0180351	 0.00685364	 0.00226758	 0.000904908	 	 # 0	 0	 0	 0	 0.001271	 0.006339	 0.057846	 0.227652	 0.263149	 0.193126	 0.115423	 0.061702	 0.041289	 0.019439	 0.008024	 0.001523	 0.003216	 
1994	 3	 1	 1	 1	 0	 0	 319	 2.91628e-08	 3.52639e-07	 4.15759e-06	 5.57566e-05	 0.000664679	 0.00491196	 0.0518257	 0.194744	 0.232011	 0.205149	 0.145539	 0.0867381	 0.0461966	 0.0208071	 0.00786608	 0.00255551	 0.000931765	 	 # 0	 0	 0	 0	 0	 0.005146	 0.056488	 0.187163	 0.253136	 0.241073	 0.112635	 0.071796	 0.038426	 0.016716	 0.011135	 0.003629	 0.002656	 
1995	 3	 1	 1	 1	 0	 0	 879	 3.34551e-08	 4.04285e-07	 4.76289e-06	 6.36123e-05	 0.000748643	 0.00528225	 0.053349	 0.191131	 0.223098	 0.20088	 0.147163	 0.0912989	 0.0505411	 0.0234597	 0.00902414	 0.00293025	 0.0010251	 	 # 0	 0	 0.000367	 0	 0.000132	 0.002554	 0.053244	 0.17431	 0.237169	 0.205691	 0.131577	 0.086227	 0.0542	 0.029541	 0.014691	 0.006267	 0.004031	 
1996	 3	 1	 1	 1	 0	 0	 547	 2.59647e-08	 3.16777e-07	 3.91598e-06	 5.76235e-05	 0.000718619	 0.00562777	 0.0561245	 0.199735	 0.226564	 0.19685	 0.14076	 0.0871935	 0.0492977	 0.0235639	 0.00932715	 0.00309265	 0.00108356	 	 # 0	 0.000509	 0	 0.002673	 0.004458	 0.010646	 0.076046	 0.176767	 0.219822	 0.183488	 0.129821	 0.083593	 0.049809	 0.029215	 0.02216	 0.009716	 0.001277	 
1997	 3	 1	 1	 1	 0	 0	 538	 4.11009e-08	 4.93427e-07	 5.56695e-06	 6.72506e-05	 0.000744425	 0.00467958	 0.0501331	 0.190951	 0.228584	 0.201949	 0.144679	 0.0893266	 0.0503957	 0.0242379	 0.00975235	 0.00330753	 0.00118623	 	 # 0.000165	 0	 0	 0	 0.000546	 0.005501	 0.067013	 0.195912	 0.241333	 0.18758	 0.126671	 0.078708	 0.047831	 0.025562	 0.014975	 0.006349	 0.001855	 
1998	 3	 1	 1	 1	 0	 0	 541	 3.88007e-08	 4.70126e-07	 5.57571e-06	 7.50412e-05	 0.000875124	 0.00581803	 0.0549577	 0.192433	 0.217064	 0.194895	 0.146105	 0.0932513	 0.0533503	 0.0258152	 0.0104605	 0.00358554	 0.00130845	 	 # 0	 0	 0	 0	 0.000153	 0.001613	 0.058033	 0.195363	 0.237512	 0.195717	 0.13194	 0.079974	 0.046411	 0.030546	 0.015402	 0.004854	 0.002485	 
1999	 3	 1	 1	 1	 0	 0	 463	 3.13801e-08	 3.81068e-07	 4.57169e-06	 6.33301e-05	 0.000762745	 0.00556381	 0.0553253	 0.20091	 0.224342	 0.192114	 0.139703	 0.0885591	 0.0514952	 0.0255464	 0.010572	 0.00367677	 0.00136119	 	 # 0	 0	 0	 0	 0	 0.002647	 0.056968	 0.209816	 0.256172	 0.191463	 0.123275	 0.073622	 0.044721	 0.023946	 0.01102	 0.00543	 0.000921	 
2000	 3	 1	 1	 1	 0	 0	 436	 3.02134e-08	 3.65526e-07	 4.28938e-06	 5.67243e-05	 0.000666928	 0.00471344	 0.0489549	 0.188137	 0.223657	 0.198878	 0.14658	 0.0924259	 0.0531831	 0.0263625	 0.011013	 0.00389223	 0.00147376	 	 # 0.000481	 0	 0	 0	 0	 0.002408	 0.038199	 0.1871	 0.243407	 0.197233	 0.140484	 0.088336	 0.054458	 0.027952	 0.012388	 0.005379	 0.002176	 
2001	 3	 1	 1	 1	 0	 0	 488	 1.64672e-08	 2.02712e-07	 2.60634e-06	 4.11055e-05	 0.000533185	 0.00445701	 0.0454607	 0.175606	 0.213809	 0.198708	 0.153685	 0.100665	 0.0590712	 0.0295107	 0.0123716	 0.00439377	 0.0016852	 	 # 0	 4e-05	 0	 0	 0	 0.002185	 0.043398	 0.16636	 0.254416	 0.209148	 0.150723	 0.08432	 0.049034	 0.024928	 0.01097	 0.002453	 0.002028	 
2002	 3	 1	 1	 1	 0	 0	 406	 1.89171e-08	 2.28582e-07	 2.6609e-06	 3.4779e-05	 0.000414657	 0.00317032	 0.0364854	 0.156302	 0.207769	 0.20169	 0.161179	 0.109711	 0.0667794	 0.0343748	 0.0147254	 0.00530267	 0.0020591	 	 # 0.000692	 0	 0	 0	 0	 0.00114	 0.042702	 0.173724	 0.231895	 0.215249	 0.146064	 0.090496	 0.052512	 0.02919	 0.012247	 0.002809	 0.00128	 
2003	 3	 1	 1	 1	 0	 0	 405	 1.43906e-08	 1.75795e-07	 2.16789e-06	 3.16777e-05	 0.000394626	 0.00310767	 0.0328685	 0.137184	 0.187693	 0.196505	 0.169879	 0.123508	 0.078731	 0.0419773	 0.0185433	 0.00685016	 0.00272548	 	 # 0	 0	 0	 0	 0.000104	 0.000939	 0.025425	 0.128996	 0.19866	 0.225076	 0.168816	 0.127193	 0.06242	 0.035472	 0.017291	 0.005726	 0.003883	 
2004	 3	 1	 1	 1	 0	 0	 280	 1.18933e-08	 1.45134e-07	 1.78241e-06	 2.60084e-05	 0.000329195	 0.00274157	 0.0303822	 0.129819	 0.178638	 0.188509	 0.168484	 0.129361	 0.0874836	 0.0492062	 0.0227389	 0.00869991	 0.00357998	 	 # 0	 0	 0	 0	 0	 0.000153	 0.036696	 0.127904	 0.21585	 0.214303	 0.163649	 0.120783	 0.069026	 0.033788	 0.016064	 0.00163	 0.000154	 
2005	 3	 1	 1	 1	 0	 0	 266	 1.25393e-09	 2.3697e-08	 4.15913e-07	 7.58836e-06	 0.000124871	 0.0010855	 0.0169386	 0.0952359	 0.159199	 0.189486	 0.182031	 0.1469	 0.103409	 0.0603733	 0.0289206	 0.0114202	 0.00486883	 	 # 0	 0	 0	 0	 0	 0.000885	 0.018795	 0.118321	 0.199591	 0.21825	 0.176555	 0.132109	 0.068852	 0.035158	 0.023218	 0.004347	 0.00392	 
2006	 3	 1	 1	 1	 0	 0	 234	 1.05187e-09	 2.02261e-08	 3.90489e-07	 8.75718e-06	 0.000161611	 0.00168421	 0.0219788	 0.105643	 0.154508	 0.178583	 0.174657	 0.144429	 0.104654	 0.0632907	 0.0315689	 0.0129968	 0.00583669	 	 # 0	 0	 0	 0	 0	 0.000266	 0.016116	 0.084749	 0.179791	 0.184967	 0.175434	 0.156561	 0.101305	 0.053838	 0.027473	 0.011261	 0.008238	 
2007	 3	 1	 1	 1	 0	 0	 199	 8.4865e-10	 1.63162e-08	 3.15716e-07	 7.19436e-06	 0.000138149	 0.00164278	 0.0239127	 0.12148	 0.173885	 0.182384	 0.164005	 0.130107	 0.0945516	 0.0586611	 0.0302449	 0.0129016	 0.00607965	 	 # 0.000317	 0	 0	 0	 0.000616	 0	 0.023977	 0.115069	 0.188152	 0.182646	 0.168733	 0.124654	 0.089646	 0.056234	 0.027344	 0.015402	 0.007211	 
2008	 3	 1	 1	 1	 0	 0	 197	 1.07409e-09	 2.04277e-08	 3.72212e-07	 7.46609e-06	 0.000132623	 0.0013881	 0.0213219	 0.115537	 0.178465	 0.193392	 0.170181	 0.128453	 0.0895222	 0.0546923	 0.0284156	 0.0124016	 0.00609131	 	 # 0	 0	 0	 0	 0	 0.000886	 0.012873	 0.10458	 0.201275	 0.170907	 0.164015	 0.131524	 0.089417	 0.069199	 0.030247	 0.013294	 0.011783	 
2009	 3	 1	 1	 1	 0	 0	 170	 9.79002e-10	 1.87622e-08	 3.56238e-07	 7.76799e-06	 0.000143094	 0.00154364	 0.0218887	 0.112976	 0.172244	 0.192343	 0.174465	 0.132773	 0.0911001	 0.0543985	 0.027851	 0.0121606	 0.00610618	 	 # 0	 0	 0	 0	 0	 0	 0.012998	 0.085646	 0.178121	 0.204593	 0.179856	 0.132916	 0.096605	 0.064687	 0.026752	 0.012521	 0.005305	 
2010	 3	 1	 1	 1	 0	 0	 183	 8.23575e-10	 1.58177e-08	 3.04221e-07	 6.83938e-06	 0.00012988	 0.00151376	 0.0222113	 0.115997	 0.174916	 0.191335	 0.17227	 0.131625	 0.090706	 0.0539901	 0.0274081	 0.011891	 0.00600012	 	 # 0.000424	 0	 0	 0	 0	 0.000497	 0.019071	 0.124157	 0.190138	 0.18653	 0.154632	 0.124061	 0.080623	 0.064508	 0.031903	 0.012549	 0.010908	 
2011	 3	 1	 1	 1	 0	 0	 160	 7.90037e-10	 1.51238e-08	 2.85844e-07	 6.21515e-06	 0.000116405	 0.00134691	 0.0205197	 0.111261	 0.174288	 0.193897	 0.174782	 0.133064	 0.0913235	 0.0541694	 0.0273979	 0.0118468	 0.00598008	 	 # 0	 0	 0	 0	 0	 0	 0.006553	 0.080423	 0.169147	 0.214179	 0.181341	 0.11859	 0.107631	 0.063368	 0.033478	 0.017831	 0.00746	 
2012	 3	 1	 1	 1	 0	 0	 187	 7.75611e-10	 1.48496e-08	 2.80744e-07	 6.09609e-06	 0.000113497	 0.00128846	 0.0194236	 0.105543	 0.168513	 0.192714	 0.177682	 0.137314	 0.0947085	 0.056103	 0.0282734	 0.0121802	 0.00613718	 	 # 0	 0	 0	 0	 0	 0.000924	 0.01167	 0.080888	 0.167506	 0.197858	 0.161194	 0.133335	 0.105248	 0.071755	 0.041681	 0.019324	 0.008617	 
2013	 3	 1	 1	 1	 0	 0	 193	 7.93834e-10	 1.51933e-08	 2.86745e-07	 6.20287e-06	 0.000115094	 0.00129426	 0.0193559	 0.104054	 0.164971	 0.189568	 0.177126	 0.139311	 0.0974884	 0.0582322	 0.0294352	 0.0126719	 0.00637081	 	 # 0	 0	 0	 0	 0	 0.001621	 0.015499	 0.104071	 0.166734	 0.180076	 0.184391	 0.127462	 0.095836	 0.06036	 0.035295	 0.018979	 0.009676	 
2014	 3	 1	 1	 1	 0	 0	 168	 1.01085e-09	 1.92563e-08	 3.54067e-07	 7.23302e-06	 0.000129037	 0.00133744	 0.0198611	 0.105461	 0.164849	 0.187823	 0.175182	 0.138543	 0.097943	 0.0591254	 0.0301383	 0.0130356	 0.00656493	 	 # 0	 0	 0	 0	 0	 0.001431	 0.022137	 0.091465	 0.171561	 0.183012	 0.16888	 0.121834	 0.102642	 0.069861	 0.035479	 0.022149	 0.00955	 
2015	 3	 1	 1	 1	 0	 0	 190	 1.45132e-09	 2.75816e-08	 5.00187e-07	 9.86832e-06	 0.000170178	 0.00159695	 0.0225471	 0.113434	 0.168162	 0.186303	 0.171328	 0.134517	 0.0951289	 0.0577274	 0.0296377	 0.0129032	 0.00653534	 	 # 0	 0	 0	 0	 0	 0	 0.01142	 0.072221	 0.169842	 0.197348	 0.15241	 0.136227	 0.095458	 0.076222	 0.042626	 0.02567	 0.020557	 
2016	 3	 1	 1	 1	 0	 0	 247	 1.57313e-09	 3.00468e-08	 5.60443e-07	 1.17621e-05	 0.000210364	 0.00210265	 0.0282815	 0.133186	 0.180812	 0.186661	 0.16329	 0.123594	 0.0858484	 0.0518138	 0.0266233	 0.0116348	 0.00592875	 	 # 0	 0	 0	 0	 0	 0.001569	 0.023656	 0.130969	 0.187397	 0.198963	 0.152449	 0.115449	 0.076811	 0.054592	 0.029253	 0.017759	 0.011133	 
2017	 3	 1	 1	 1	 0	 0	 224	 1.64559e-09	 3.14008e-08	 5.8298e-07	 1.21488e-05	 0.00021813	 0.0022402	 0.0311911	 0.149271	 0.200005	 0.195037	 0.15821	 0.111192	 0.0734106	 0.0430682	 0.0218133	 0.00948754	 0.00484282	 	 # 0	 0	 0	 0	 0	 0.000256	 0.02341	 0.133188	 0.218423	 0.214067	 0.169485	 0.103612	 0.069459	 0.034132	 0.016284	 0.010683	 0.007	 
2018	 3	 1	 1	 1	 0	 0	 256	 1.8349e-09	 3.49403e-08	 6.41195e-07	 1.30161e-05	 0.000229482	 0.00227109	 0.0318106	 0.153455	 0.208343	 0.203338	 0.160759	 0.107182	 0.0664031	 0.0368367	 0.0179098	 0.00760947	 0.00383959	 	 # 0	 0	 0	 0.000529	 0	 0.000135	 0.027355	 0.130823	 0.248131	 0.215962	 0.158428	 0.102995	 0.058974	 0.032543	 0.013293	 0.007461	 0.003372	 
2019	 3	 1	 1	 1	 0	 0	 242	 1.30332e-09	 2.51025e-08	 4.90103e-07	 1.12938e-05	 0.000214696	 0.00244247	 0.0335226	 0.158613	 0.212004	 0.205798	 0.16146	 0.105404	 0.062854	 0.0331494	 0.0152825	 0.00621597	 0.0030279	 	 # 0	 0	 0	 0	 0	 0.001065	 0.031598	 0.14995	 0.250131	 0.22141	 0.144913	 0.097167	 0.052491	 0.026653	 0.018678	 0.004507	 0.001438	 
2020	 3	 1	 1	 1	 0	 0	 227	 9.41099e-10	 1.811e-08	 3.5249e-07	 8.14207e-06	 0.000158557	 0.00196644	 0.0295389	 0.151421	 0.216306	 0.213212	 0.165514	 0.106297	 0.0619968	 0.0316601	 0.0139817	 0.00542944	 0.00250969	 	 # 0.000256	 0	 0	 0	 0.000655	 0.000431	 0.04484	 0.165445	 0.24758	 0.22079	 0.148233	 0.081651	 0.0457	 0.026418	 0.007517	 0.008112	 0.002372	 
2021	 3	 1	 1	 1	 0	 0	 254	 7.43224e-10	 1.42818e-08	 2.75807e-07	 6.27827e-06	 0.000121689	 0.00152022	 0.0237971	 0.129978	 0.202879	 0.216476	 0.178156	 0.118871	 0.0698731	 0.0351374	 0.0150731	 0.00563981	 0.00247099	 	 # 0	 0	 0	 0	 0	 0.000828	 0.018934	 0.103964	 0.217836	 0.222929	 0.154632	 0.106593	 0.073505	 0.060579	 0.026429	 0.007276	 0.006494	 
1990	 3	 1	 1	 0	 0	 0	 22	 0.0558607	 0.0692608	 0.0803437	 0.100172	 0.118856	 0.091303	 0.12855	 0.123052	 0.0933577	 0.0637255	 0.0353181	 0.0181842	 0.0103272	 0.00587664	 0.00313936	 0.00155887	 0.00111523	 	 # 0.247057	 0.0713771	 0.0700192	 0.077615	 0.101558	 0.0912419	 0.0849724	 0.078276	 0.0682135	 0.0552399	 0.0270515	 0.0133764	 0.00962329	 0.0023578	 0.0014792	 8.22e-05	 0.000459108	 
1991	 3	 1	 1	 0	 0	 0	 48	 0.0541279	 0.0676977	 0.0823983	 0.112934	 0.13538	 0.0946647	 0.112034	 0.100782	 0.0813492	 0.0674428	 0.0451537	 0.0246766	 0.0120928	 0.00537163	 0.00229599	 0.000981346	 0.000616286	 	 # 0.150747	 0.0569511	 0.0693395	 0.0749659	 0.0924522	 0.103903	 0.109297	 0.102978	 0.0877103	 0.0677098	 0.0362255	 0.0214857	 0.015996	 0.00453193	 0.00283495	 0.00109456	 0.00177659	 
1992	 3	 1	 1	 0	 0	 0	 41	 0.0481758	 0.0604774	 0.0753244	 0.108846	 0.136011	 0.104469	 0.123604	 0.107369	 0.0806065	 0.063898	 0.0434331	 0.0252663	 0.0132302	 0.00587405	 0.00224298	 0.00078828	 0.000383631	 	 # 0.218576	 0.0710539	 0.0702081	 0.0908626	 0.097516	 0.0846274	 0.0812049	 0.0750376	 0.0673011	 0.058382	 0.0388833	 0.0238657	 0.0148029	 0.00460071	 0.00180984	 0.00105979	 0.000208438	 
1994	 3	 1	 1	 0	 0	 0	 34	 0.0447173	 0.0559568	 0.068273	 0.0947693	 0.117144	 0.0913	 0.117776	 0.113774	 0.0950108	 0.0803013	 0.056696	 0.0337728	 0.0179864	 0.0081011	 0.0030626	 0.000994971	 0.000362776	 	 # 0.390634	 0.0770537	 0.0638146	 0.0618622	 0.0740266	 0.0850102	 0.074093	 0.0543337	 0.0516942	 0.0326618	 0.019531	 0.00986639	 0.00413091	 0.00128759	 0	 0	 0	 
1995	 3	 1	 1	 0	 0	 0	 1117	 0.0483249	 0.0604328	 0.0736783	 0.101853	 0.124292	 0.0924903	 0.114209	 0.105189	 0.086064	 0.0740718	 0.0540048	 0.0334876	 0.018537	 0.0086043	 0.00330978	 0.00107473	 0.000375976	 	 # 0.124613	 0.0442733	 0.0627333	 0.0799967	 0.0985993	 0.116452	 0.124387	 0.107233	 0.0875711	 0.0651487	 0.0407447	 0.0231279	 0.0131594	 0.00656473	 0.00339433	 0.00116618	 0.000835641	 
1996	 3	 1	 1	 0	 0	 0	 509	 0.0390304	 0.0492777	 0.0630407	 0.0960163	 0.124159	 0.102548	 0.125037	 0.114395	 0.0909555	 0.0755376	 0.0537558	 0.0332824	 0.0188163	 0.008994	 0.00356004	 0.00118042	 0.000413578	 	 # 0.103395	 0.0415556	 0.0569105	 0.0743889	 0.0931823	 0.113814	 0.122095	 0.111671	 0.0928794	 0.0720616	 0.0480457	 0.0296772	 0.0183391	 0.0109164	 0.00631536	 0.00300188	 0.00175086	 
1997	 3	 1	 1	 0	 0	 0	 711	 0.0578663	 0.0718908	 0.0839367	 0.104953	 0.120464	 0.0798639	 0.104608	 0.102431	 0.0859484	 0.072581	 0.0517495	 0.0319349	 0.0180159	 0.00866472	 0.00348633	 0.0011824	 0.00042406	 	 # 0.109124	 0.0388528	 0.0542848	 0.0707215	 0.0910392	 0.11163	 0.122114	 0.114516	 0.0975729	 0.0742102	 0.0466668	 0.0298708	 0.0187339	 0.0109476	 0.00603525	 0.00229027	 0.00139002	 
1998	 3	 1	 1	 0	 0	 0	 574	 0.0518212	 0.0649768	 0.0797495	 0.111094	 0.134338	 0.0941916	 0.108783	 0.0979218	 0.0774234	 0.066447	 0.0495746	 0.0316251	 0.0180922	 0.00875445	 0.00354735	 0.00121592	 0.000443719	 	 # 0.091279	 0.0396234	 0.0574995	 0.0785652	 0.101792	 0.120911	 0.128335	 0.117767	 0.0955065	 0.0692407	 0.0416695	 0.0271698	 0.0160882	 0.008442	 0.00412504	 0.00135657	 0.000629092	 
1999	 3	 1	 1	 0	 0	 0	 607	 0.0452104	 0.056815	 0.0705377	 0.101139	 0.126306	 0.0971685	 0.118134	 0.110286	 0.0863201	 0.0706561	 0.0511348	 0.0323987	 0.0188382	 0.00934543	 0.00386747	 0.00134504	 0.000497953	 	 # 0.076032	 0.0304259	 0.0407786	 0.060235	 0.0855845	 0.114671	 0.136644	 0.132851	 0.115081	 0.0863874	 0.0539934	 0.0306299	 0.0190225	 0.0102905	 0.00486486	 0.00188102	 0.0006271	 
2000	 3	 1	 1	 0	 0	 0	 495	 0.0464505	 0.0581546	 0.0706228	 0.0966682	 0.11785	 0.0878409	 0.111545	 0.110204	 0.0918312	 0.078052	 0.057252	 0.0360822	 0.0207611	 0.0102911	 0.00429914	 0.0015194	 0.000575311	 	 # 0.0812519	 0.0297586	 0.0424546	 0.0587412	 0.0723233	 0.104272	 0.129143	 0.140068	 0.11847	 0.0844907	 0.0580157	 0.0366426	 0.0211551	 0.0125915	 0.00659819	 0.00259604	 0.00142754	 
2001	 3	 1	 1	 0	 0	 0	 510	 0.0293992	 0.0374518	 0.0498321	 0.081347	 0.10941	 0.0964561	 0.120287	 0.119451	 0.101944	 0.0905604	 0.0697067	 0.0456357	 0.0267781	 0.0133777	 0.00560825	 0.00199177	 0.000763932	 	 # 0.0560044	 0.0234461	 0.0328406	 0.0452632	 0.0604895	 0.0883655	 0.135255	 0.152515	 0.146458	 0.110777	 0.0675943	 0.0391702	 0.0223362	 0.0116944	 0.0045407	 0.00223538	 0.00101595	 
2002	 3	 1	 1	 0	 0	 0	 438	 0.0366321	 0.0458063	 0.0551818	 0.0746532	 0.0922903	 0.074418	 0.104711	 0.11532	 0.107449	 0.0997007	 0.0792939	 0.0539471	 0.032835	 0.0169017	 0.00724033	 0.00260727	 0.00101244	 	 # 0.0672552	 0.0245928	 0.0301661	 0.0369386	 0.0495942	 0.0803033	 0.111182	 0.141262	 0.143255	 0.123413	 0.0853576	 0.050499	 0.0315727	 0.0143736	 0.00696212	 0.00228202	 0.000991938	 
2003	 3	 1	 1	 0	 0	 0	 416	 0.0295179	 0.0373156	 0.0476217	 0.0720254	 0.0930365	 0.0772701	 0.0999201	 0.107212	 0.102819	 0.102893	 0.0885262	 0.0643296	 0.0410053	 0.0218629	 0.0096578	 0.00356773	 0.0014195	 	 # 0.043021	 0.0234547	 0.028494	 0.0387766	 0.05435	 0.0870863	 0.108929	 0.133006	 0.13769	 0.129164	 0.0923591	 0.0576027	 0.0324218	 0.0176854	 0.00979352	 0.00396374	 0.00220236	 
2004	 3	 1	 1	 0	 0	 0	 299	 0.026112	 0.0329751	 0.0419091	 0.0632963	 0.0830716	 0.0729639	 0.0988607	 0.108595	 0.104744	 0.105652	 0.0939777	 0.0721192	 0.0487701	 0.0274312	 0.0126763	 0.00484997	 0.00199575	 	 # 0.0396677	 0.0164496	 0.0234035	 0.0324723	 0.0534929	 0.0777852	 0.103027	 0.135703	 0.143627	 0.133979	 0.0962192	 0.0670814	 0.0432435	 0.0202071	 0.00828497	 0.00435757	 0.000998367	 
2005	 3	 1	 1	 0	 0	 0	 232	 0.00376586	 0.00736479	 0.0133768	 0.0252618	 0.0431036	 0.0395175	 0.0753936	 0.108975	 0.127688	 0.14527	 0.138887	 0.112027	 0.0788563	 0.0460386	 0.0220538	 0.00870864	 0.00371279	 	 # 0.0253953	 0.00885292	 0.0100844	 0.0161735	 0.0288399	 0.0416161	 0.0787101	 0.132803	 0.153519	 0.156458	 0.131759	 0.0879323	 0.0660318	 0.0348172	 0.0167193	 0.00671578	 0.00357146	 
2006	 3	 1	 1	 0	 0	 0	 143	 0.00298666	 0.00594308	 0.0118739	 0.0275622	 0.0527418	 0.0579683	 0.09249	 0.114288	 0.117164	 0.129441	 0.12599	 0.104133	 0.0754515	 0.0456299	 0.0227598	 0.00937016	 0.004208	 	 # 0.0246625	 0.00846409	 0.01109	 0.0137568	 0.0236738	 0.0371752	 0.0845751	 0.114118	 0.155592	 0.151945	 0.133602	 0.0970456	 0.0708979	 0.0405458	 0.0186574	 0.00897895	 0.00521914	 
2007	 3	 1	 1	 0	 0	 0	 134	 0.00242117	 0.00481717	 0.00964614	 0.0227517	 0.0453007	 0.0568127	 0.101109	 0.132049	 0.132488	 0.132828	 0.118872	 0.0942554	 0.0684942	 0.0424945	 0.0219096	 0.00934602	 0.00440413	 	 # 0.00652577	 0.00378906	 0.0052302	 0.00786267	 0.018195	 0.0331976	 0.071528	 0.124197	 0.149503	 0.15073	 0.143045	 0.100164	 0.0809502	 0.0507338	 0.0294016	 0.0159802	 0.00896782	 
2008	 3	 1	 1	 0	 0	 0	 113	 0.00311736	 0.00613538	 0.011569	 0.0240195	 0.0442412	 0.0488355	 0.0917142	 0.127761	 0.13833	 0.143282	 0.125482	 0.094667	 0.0659726	 0.0403048	 0.0209405	 0.00913922	 0.00448891	 	 # 0.00857113	 0.0049083	 0.00779756	 0.0116225	 0.0217224	 0.0418616	 0.0787408	 0.123984	 0.152078	 0.153806	 0.129021	 0.0972501	 0.0725458	 0.0483485	 0.0249741	 0.0140889	 0.00868037	 
2009	 3	 1	 1	 0	 0	 0	 95	 0.00281498	 0.0055828	 0.0109697	 0.0247586	 0.0472907	 0.0538032	 0.0932776	 0.123768	 0.132267	 0.141181	 0.127446	 0.096942	 0.0665118	 0.0397159	 0.0203338	 0.00887834	 0.00445807	 	 # 0.0113415	 0.00518697	 0.00881411	 0.015353	 0.0237856	 0.0480279	 0.0906078	 0.13986	 0.153603	 0.141066	 0.123676	 0.0940756	 0.0685207	 0.0397965	 0.0231241	 0.00840498	 0.00475553	 
2010	 3	 1	 1	 0	 0	 0	 108	 0.00238939	 0.00474902	 0.00945222	 0.0219951	 0.0433098	 0.0532367	 0.0955046	 0.128222	 0.135529	 0.141705	 0.126975	 0.0969686	 0.0668202	 0.0397726	 0.0201906	 0.00875964	 0.00442007	 	 # 0.022828	 0.00866797	 0.013557	 0.0200495	 0.0368501	 0.0557857	 0.0905218	 0.132494	 0.143649	 0.133755	 0.108654	 0.0899445	 0.061541	 0.0401121	 0.0226787	 0.0122193	 0.0066932	 
2011	 3	 1	 1	 0	 0	 0	 107	 0.00234101	 0.00463761	 0.0090708	 0.0204142	 0.0396449	 0.0483798	 0.0901142	 0.125612	 0.137925	 0.146668	 0.131577	 0.100122	 0.0687111	 0.0407564	 0.0206139	 0.00891338	 0.00449934	 	 # 0.0104875	 0.00697866	 0.0100816	 0.0137713	 0.0215925	 0.0390275	 0.0832977	 0.143807	 0.155986	 0.146627	 0.125031	 0.0913977	 0.0659082	 0.0435672	 0.0238518	 0.0119113	 0.00667486	 
2012	 3	 1	 1	 0	 0	 0	 99	 0.0023217	 0.00459994	 0.00899981	 0.0202273	 0.0390488	 0.0467524	 0.0861706	 0.120372	 0.134714	 0.147259	 0.135124	 0.104373	 0.0719845	 0.0426416	 0.0214895	 0.00925766	 0.00466462	 	 # 0.00615772	 0.00521303	 0.00715262	 0.00736057	 0.0193456	 0.0369768	 0.0790887	 0.124091	 0.154593	 0.149802	 0.131341	 0.102372	 0.0726776	 0.0501565	 0.0303817	 0.0145097	 0.00878071	 
2013	 3	 1	 1	 0	 0	 0	 122	 0.00237508	 0.0047041	 0.00918763	 0.0205715	 0.0395788	 0.0469394	 0.0858275	 0.118615	 0.131817	 0.144784	 0.134634	 0.105838	 0.0740608	 0.0442381	 0.0223615	 0.00962664	 0.0048398	 	 # 0.0125185	 0.00656913	 0.0103487	 0.015937	 0.0265613	 0.0505413	 0.0948958	 0.140513	 0.154223	 0.143494	 0.114419	 0.0849187	 0.0610139	 0.0423781	 0.0247336	 0.0108804	 0.00605444	 
2014	 3	 1	 1	 0	 0	 0	 99	 0.00297621	 0.00586717	 0.0111641	 0.023606	 0.043667	 0.0477335	 0.0866658	 0.118305	 0.129623	 0.141168	 0.131037	 0.103579	 0.0732218	 0.0442017	 0.0225312	 0.00974528	 0.00490788	 	 # 0.0114342	 0.00577775	 0.0097938	 0.0159057	 0.0267485	 0.0470268	 0.0886109	 0.119394	 0.147714	 0.137175	 0.119421	 0.0920404	 0.0706556	 0.0504406	 0.0317839	 0.0157829	 0.0102948	 
2015	 3	 1	 1	 0	 0	 0	 125	 0.00405874	 0.00798218	 0.0149803	 0.0305911	 0.0547005	 0.0541363	 0.093451	 0.120865	 0.125595	 0.133	 0.121725	 0.095524	 0.0675502	 0.0409915	 0.0210454	 0.00916238	 0.00464066	 	 # 0.0126131	 0.00853007	 0.0139498	 0.0214402	 0.0325748	 0.0537029	 0.0885482	 0.129716	 0.149721	 0.141136	 0.108693	 0.0853329	 0.0588792	 0.0433409	 0.0264528	 0.0146881	 0.0106795	 
2016	 3	 1	 1	 0	 0	 0	 155	 0.00412863	 0.00816047	 0.0157519	 0.0342176	 0.063456	 0.0668924	 0.110004	 0.133179	 0.126732	 0.125055	 0.108875	 0.0823664	 0.0572085	 0.034528	 0.0177414	 0.00775327	 0.00395084	 	 # 0.0221805	 0.0103568	 0.0158631	 0.0220943	 0.039383	 0.0683867	 0.121158	 0.1522	 0.157448	 0.132527	 0.092669	 0.0648578	 0.0431382	 0.0286815	 0.0154292	 0.00865352	 0.00497325	 
2017	 3	 1	 1	 0	 0	 0	 133	 0.00421605	 0.00832532	 0.0159955	 0.0345018	 0.0642331	 0.0695729	 0.118435	 0.145711	 0.136849	 0.127558	 0.102978	 0.0723383	 0.0477562	 0.0280173	 0.0141902	 0.00617195	 0.00315041	 	 # 0.0286731	 0.0105041	 0.0158519	 0.0226251	 0.036473	 0.0670006	 0.116437	 0.155027	 0.162527	 0.142692	 0.0967285	 0.0602004	 0.0373219	 0.0212888	 0.0117646	 0.0076865	 0.00719791	 
2018	 3	 1	 1	 0	 0	 0	 234	 0.00463899	 0.00914143	 0.0173605	 0.0364769	 0.0666839	 0.0696009	 0.119192	 0.147817	 0.140672	 0.131231	 0.103255	 0.0688084	 0.0426272	 0.023647	 0.0114971	 0.00488484	 0.0024648	 	 # 0.0186917	 0.0113587	 0.0156748	 0.023319	 0.045141	 0.0708996	 0.130263	 0.150488	 0.168919	 0.132958	 0.0982731	 0.0548139	 0.0348002	 0.0215186	 0.012037	 0.00677388	 0.00407118	 
2019	 3	 1	 1	 0	 0	 0	 148	 0.0033112	 0.00659973	 0.0133346	 0.0318053	 0.062693	 0.0752198	 0.126223	 0.153534	 0.143845	 0.133469	 0.104214	 0.0679987	 0.0405466	 0.0213843	 0.00985858	 0.00400984	 0.00195326	 	 # 0.00916154	 0.00612811	 0.0107599	 0.0187185	 0.0376047	 0.0765679	 0.130283	 0.165464	 0.180549	 0.14757	 0.0959298	 0.0578562	 0.0331322	 0.0176404	 0.00737997	 0.00375871	 0.00149607	 
2020	 3	 1	 1	 0	 0	 0	 155	 0.00254537	 0.00506885	 0.0102099	 0.0244104	 0.0492903	 0.064471	 0.118406	 0.156039	 0.156243	 0.147209	 0.11373	 0.0730036	 0.0425767	 0.0217426	 0.00960195	 0.00372868	 0.00172354	 	 # 0.0177394	 0.00714948	 0.0136626	 0.019769	 0.0440827	 0.0694093	 0.135446	 0.170574	 0.177529	 0.131859	 0.0973366	 0.0508625	 0.0332001	 0.0159713	 0.00856022	 0.00393227	 0.00291636	 
2021	 3	 1	 1	 0	 0	 0	 138	 0.00214322	 0.00426194	 0.00851753	 0.0200684	 0.040333	 0.0531403	 0.101704	 0.142808	 0.156243	 0.159354	 0.130519	 0.0870431	 0.0511617	 0.0257278	 0.0110366	 0.0041295	 0.00180927	 	 # 0.00686642	 0.0027576	 0.00523951	 0.00768031	 0.019068	 0.0523038	 0.106167	 0.16282	 0.183086	 0.159105	 0.117981	 0.0711493	 0.049806	 0.0288588	 0.0151058	 0.0074205	 0.004585	 

##  Growth data (increment)
# Type of growth increment (0=no growth data;1=size-at-release; 2= size-class-at-release)
3
# nobs_growth
222
# Growth data
 1 1 3 1 1 1 2004 2
 1 1 4 1 1 1 2004 2
 2 1 2 1 1 1 2004 1
 2 1 4 1 1 1 2004 4
 2 1 5 1 1 1 2004 10
 2 1 6 1 1 1 2004 1
 2 1 8 1 1 1 2004 1
 3 1 5 1 1 1 2004 4
 3 1 6 1 1 1 2004 6
 3 1 7 1 1 1 2004 2
 4 1 4 1 1 1 2004 2
 4 1 6 1 1 1 2004 7
 4 1 7 1 1 1 2004 29
 4 1 8 1 1 1 2004 12
 5 1 5 1 1 1 2004 9
 5 1 6 1 1 1 2004 10
 5 1 7 1 1 1 2004 25
 5 1 8 1 1 1 2004 90
 5 1 9 1 1 1 2004 24
 5 1 10 1 1 1 2004 3
 6 1 6 1 1 1 2004 18
 6 1 7 1 1 1 2004 12
 6 1 8 1 1 1 2004 36
 6 1 9 1 1 1 2004 96
 6 1 10 1 1 1 2004 21
 7 1 7 1 1 1 2004 43
 7 1 8 1 1 1 2004 9
 7 1 9 1 1 1 2004 37
 7 1 10 1 1 1 2004 64
 7 1 11 1 1 1 2004 23
 8 1 8 1 1 1 2004 39
 8 1 9 1 1 1 2004 11
 8 1 10 1 1 1 2004 28
 8 1 11 1 1 1 2004 44
 8 1 12 1 1 1 2004 13
 8 1 13 1 1 1 2004 1
 9 1 9 1 1 1 2004 48
 9 1 10 1 1 1 2004 7
 9 1 11 1 1 1 2004 8
 9 1 12 1 1 1 2004 22
 9 1 13 1 1 1 2004 3
 10 1 10 1 1 1 2004 56
 10 1 11 1 1 1 2004 4
 10 1 12 1 1 1 2004 7
 10 1 13 1 1 1 2004 12
 10 1 14 1 1 1 2004 1
 11 1 11 1 1 1 2004 30
 11 1 12 1 1 1 2004 6
 11 1 13 1 1 1 2004 1
 11 1 14 1 1 1 2004 5
 12 1 12 1 1 1 2004 18
 12 1 13 1 1 1 2004 4
 12 1 14 1 1 1 2004 2
 12 1 15 1 1 1 2004 2
 13 1 13 1 1 1 2004 12
 13 1 14 1 1 1 2004 1
 13 1 15 1 1 1 2004 1
 13 1 16 1 1 1 2004 1
 14 1 14 1 1 1 2004 10
 14 1 15 1 1 1 2004 1
 15 1 15 1 1 1 2004 3
 15 1 16 1 1 1 2004 1
 17 1 17 1 1 1 2004 1
 1 1 4 2 1 1 2004 1
 1 1 8 2 1 1 2004 1
 2 1 5 2 1 1 2004 2
 2 1 7 2 1 1 2004 1
 2 1 8 2 1 1 2004 4
 2 1 9 2 1 1 2004 3
 3 1 5 2 1 1 2004 3
 3 1 6 2 1 1 2004 7
 3 1 7 2 1 1 2004 1
 3 1 8 2 1 1 2004 1
 3 1 9 2 1 1 2004 13
 3 1 10 2 1 1 2004 1
 4 1 6 2 1 1 2004 1
 4 1 7 2 1 1 2004 16
 4 1 8 2 1 1 2004 8
 4 1 9 2 1 1 2004 6
 4 1 10 2 1 1 2004 10
 4 1 11 2 1 1 2004 4
 5 1 5 2 1 1 2004 1
 5 1 6 2 1 1 2004 2
 5 1 7 2 1 1 2004 15
 5 1 8 2 1 1 2004 61
 5 1 9 2 1 1 2004 17
 5 1 10 2 1 1 2004 5
 5 1 11 2 1 1 2004 10
 5 1 12 2 1 1 2004 4
 5 1 14 2 1 1 2004 1
 6 1 6 2 1 1 2004 1
 6 1 7 2 1 1 2004 2
 6 1 8 2 1 1 2004 24
 6 1 9 2 1 1 2004 42
 6 1 10 2 1 1 2004 9
 6 1 11 2 1 1 2004 3
 6 1 12 2 1 1 2004 6
 6 1 13 2 1 1 2004 2
 7 1 7 2 1 1 2004 2
 7 1 8 2 1 1 2004 5
 7 1 9 2 1 1 2004 11
 7 1 10 2 1 1 2004 39
 7 1 11 2 1 1 2004 13
 7 1 12 2 1 1 2004 1
 7 1 14 2 1 1 2004 1
 8 1 8 2 1 1 2004 3
 8 1 9 2 1 1 2004 4
 8 1 10 2 1 1 2004 10
 8 1 11 2 1 1 2004 38
 8 1 12 2 1 1 2004 8
 8 1 13 2 1 1 2004 1
 9 1 9 2 1 1 2004 5
 9 1 10 2 1 1 2004 1
 9 1 11 2 1 1 2004 7
 9 1 12 2 1 1 2004 14
 9 1 13 2 1 1 2004 5
 10 1 10 2 1 1 2004 3
 10 1 12 2 1 1 2004 6
 10 1 13 2 1 1 2004 14
 10 1 14 2 1 1 2004 2
 10 1 17 2 1 1 2004 1
 11 1 11 2 1 1 2004 1
 11 1 13 2 1 1 2004 5
 11 1 14 2 1 1 2004 4
 12 1 12 2 1 1 2004 1
 12 1 14 2 1 1 2004 2
 12 1 15 2 1 1 2004 2
 1 1 1 3 1 1 2004 1
 1 1 7 3 1 1 2004 5
 1 1 9 3 1 1 2004 1
 2 1 7 3 1 1 2004 3
 2 1 8 3 1 1 2004 11
 2 1 9 3 1 1 2004 6
 2 1 10 3 1 1 2004 1
 3 1 6 3 1 1 2004 1
 3 1 7 3 1 1 2004 1
 3 1 8 3 1 1 2004 4
 3 1 9 3 1 1 2004 14
 3 1 10 3 1 1 2004 5
 4 1 7 3 1 1 2004 1
 4 1 8 3 1 1 2004 1
 4 1 9 3 1 1 2004 5
 4 1 10 3 1 1 2004 14
 4 1 11 3 1 1 2004 3
 4 1 12 3 1 1 2004 1
 5 1 7 3 1 1 2004 1
 5 1 8 3 1 1 2004 4
 5 1 9 3 1 1 2004 5
 5 1 10 3 1 1 2004 12
 5 1 11 3 1 1 2004 24
 5 1 12 3 1 1 2004 12
 5 1 13 3 1 1 2004 2
 5 1 14 3 1 1 2004 1
 6 1 6 3 1 1 2004 1
 6 1 8 3 1 1 2004 2
 6 1 9 3 1 1 2004 8
 6 1 10 3 1 1 2004 2
 6 1 11 3 1 1 2004 6
 6 1 12 3 1 1 2004 7
 6 1 13 3 1 1 2004 3
 6 1 14 3 1 1 2004 1
 7 1 8 3 1 1 2004 1
 7 1 9 3 1 1 2004 2
 7 1 10 3 1 1 2004 11
 7 1 11 3 1 1 2004 3
 7 1 13 3 1 1 2004 6
 7 1 14 3 1 1 2004 3
 8 1 10 3 1 1 2004 1
 8 1 11 3 1 1 2004 7
 8 1 12 3 1 1 2004 2
 8 1 14 3 1 1 2004 1
 9 1 11 3 1 1 2004 1
 9 1 12 3 1 1 2004 4
 9 1 13 3 1 1 2004 1
 9 1 15 3 1 1 2004 1
 9 1 16 3 1 1 2004 1
 10 1 13 3 1 1 2004 1
 13 1 15 3 1 1 2004 1
 1 1 10 4 1 1 2004 6
 1 1 11 4 1 1 2004 1
 2 1 8 4 1 1 2004 1
 2 1 10 4 1 1 2004 1
 2 1 11 4 1 1 2004 5
 3 1 8 4 1 1 2004 3
 3 1 9 4 1 1 2004 3
 3 1 10 4 1 1 2004 3
 3 1 11 4 1 1 2004 1
 3 1 12 4 1 1 2004 1
 3 1 14 4 1 1 2004 1
 4 1 9 4 1 1 2004 1
 4 1 10 4 1 1 2004 2
 4 1 12 4 1 1 2004 1
 4 1 14 4 1 1 2004 1
 5 1 8 4 1 1 2004 1
 5 1 10 4 1 1 2004 1
 5 1 11 4 1 1 2004 4
 5 1 12 4 1 1 2004 4
 6 1 11 4 1 1 2004 1
 6 1 12 4 1 1 2004 2
 7 1 10 4 1 1 2004 2
 7 1 12 4 1 1 2004 1
 7 1 14 4 1 1 2004 2
 8 1 14 4 1 1 2004 2
 1 1 10 5 1 1 2004 2
 2 1 11 5 1 1 2004 1
 2 1 12 5 1 1 2004 1
 2 1 16 5 1 1 2004 1
 3 1 11 5 1 1 2004 1
 3 1 13 5 1 1 2004 3
 3 1 14 5 1 1 2004 1
 5 1 14 5 1 1 2004 1
 7 1 13 5 1 1 2004 1
 7 1 14 5 1 1 2004 1
 1 1 8 6 1 1 2004 1
 1 1 9 6 1 1 2004 1
 1 1 11 6 1 1 2004 1
 1 1 12 6 1 1 2004 1
 1 1 13 6 1 1 2004 2
 2 1 11 6 1 1 2004 2
 2 1 14 6 1 1 2004 1
 3 1 9 6 1 1 2004 1
 4 1 10 6 1 1 2004 2

# Environmental data
# Number of series
0
# Year ranges

# Indices
# Index Year Value


## eof
9999
